6730
558 103
87 2
688 899
781 108
763 910
581 177
577 922
991 18
93 179
501 783
783 326
250 457
50 817
109 818
858 362
872 157
451 81
215 625
166 911
509 712
218 71
335 153
150 915
32 915
878 45
832 781
350 615
71 31
783 826
456 318
63 150
26 50
889 189
273 110
772 32
931 781
895 335
783 621
189 458
827 127
509 168
179 750
146 612
509 501
695 168
971 10
895 73
955 718
616 283
811 272
550 266
686 871
210 573
109 310
3 896
10 457
102 16
312 771
911 365
11 817
328 573
873 150
667 312
105 132
693 698
81 886
898 787
165 127
15 817
132 988
105 50
911 109
509 683
35 311
789 108
833 345
31 63
101 878
101 127
118 573
796 313
505 71
81 458
161 950
785 546
109 722
745 105
681 167
503 978
791 459
352 681
189 31
532 812
783 350
107 250
167 17
981 271
12 799
996 710
99 815
288 693
113 750
102 350
550 689
981 698
271 669
796 698
987 550
35 33
116 332
17 506
918 150
91 502
509 181
63 581
112 779
350 115
46 101
189 733
328 799
91 998
89 10
911 689
710 456
507 81
463 116
11 165
45 288
615 781
678 813
799 999
999 11
931 10
583 328
917 121
171 276
63 711
978 987
281 895
276 545
782 550
168 535
589 615
33 2
183 788
31 92
811 357
950 509
98 918
257 787
69 25
317 855
503 508
811 508
102 789
210 916
10 503
711 679
118 465
507 717
363 717
508 910
31 150
850 121
988 787
217 850
108 865
127 950
897 365
150 536
178 899
572 261
652 576
50 615
171 71
763 507
831 132
872 92
710 950
950 250
879 45
271 697
335 31
115 777
145 10
621 509
746 91
310 32
691 468
531 879
177 2
713 952
978 615
216 615
462 68
102 509
579 818
12 976
782 271
221 171
3 88
672 897
106 910
581 35
171 891
685 161
187 503
673 812
28 945
146 761
215 683
891 877
213 268
507 533
635 832
112 216
508 509
631 897
991 185
150 71
120 501
711 917
821 688
785 110
502 892
73 322
211 178
821 976
50 109
528 125
13 508
57 506
912 610
750 883
71 463
883 731
876 310
110 622
850 889
272 315
508 101
216 250
578 650
362 50
125 10
945 133
176 813
989 850
501 263
162 715
185 311
110 185
921 216
269 316
169 102
710 677
850 922
113 501
997 469
766 668
326 750
158 210
550 635
916 27
273 650
763 689
105 287
178 999
131 655
316 695
173 331
761 109
182 155
105 131
692 101
822 177
120 717
452 889
250 915
831 666
150 109
171 315
913 11
71 81
792 458
33 285
715 910
286 81
509 71
710 868
831 211
369 892
135 650
895 693
950 267
126 527
506 83
277 452
836 108
185 712
507 103
915 777
502 13
913 868
868 789
646 16
981 112
31 178
278 745
456 788
83 697
178 10
61 952
212 16
110 456
867 509
750 250
681 212
621 1
91 352
456 367
31 578
273 525
621 846
210 973
876 736
107 958
878 109
816 52
121 189
46 361
250 681
571 631
501 995
735 167
676 50
368 731
63 109
12 977
815 317
18 509
950 110
688 671
150 458
931 109
357 895
72 183
132 22
93 810
782 750
631 33
611 815
788 798
16 13
325 173
50 999
868 126
781 822
628 11
92 67
932 31
711 525
891 586
311 978
189 150
812 168
268 828
153 86
853 91
693 210
712 950
891 11
189 50
31 150
283 899
78 101
989 121
102 271
687 93
827 899
268 885
726 781
793 997
125 869
915 353
502 26
681 789
89 171
765 168
266 811
109 687
310 262
18 627
721 812
10 509
799 10
215 989
797 787
769 458
915 661
210 278
508 61
316 833
911 521
150 287
121 121
810 691
795 45
31 576
103 257
631 350
228 172
917 35
628 122
258 717
171 311
69 681
628 115
766 550
727 462
311 550
550 501
978 691
899 97
10 255
811 666
21 998
950 850
189 108
150 610
733 697
101 699
895 110
895 718
158 503
101 77
586 81
169 103
788 921
78 132
989 503
218 883
691 186
166 17
120 812
135 69
63 771
158 631
787 779
78 871
721 610
176 250
165 317
2 501
189 872
315 810
183 972
777 15
458 678
145 646
789 750
650 815
698 325
3 576
699 925
331 456
267 976
456 78
102 250
831 686
893 693
678 346
15 172
178 877
215 99
110 285
972 316
2 109
822 777
36 16
316 531
158 915
289 17
955 102
21 768
78 911
545 971
31 183
109 581
688 946
269 982
327 788
36 912
11 150
836 509
686 169
278 116
18 172
981 72
310 768
36 576
113 157
715 181
268 163
128 115
326 21
33 688
781 695
367 581
998 650
953 91
687 353
35 810
698 52
785 512
318 350
69 558
850 931
15 112
211 503
459 46
101 746
350 18
103 369
669 688
177 31
15 650
850 176
350 978
50 997
721 579
109 168
689 797
821 925
101 722
185 697
931 33
685 763
691 352
795 310
768 812
781 69
2 1
146 68
253 181
31 831
509 31
63 101
789 2
508 83
88 468
258 768
317 927
846 171
797 45
796 91
625 978
583 171
950 110
179 950
352 913
926 221
761 506
87 11
121 312
631 169
778 136
991 910
253 679
12 61
312 610
712 693
358 326
501 12
989 871
987 107
531 505
588 469
999 958
118 107
881 750
458 456
318 993
871 810
213 250
573 888
763 125
109 531
167 501
697 650
679 181
508 666
31 692
179 33
501 557
278 153
46 252
273 210
105 501
16 63
833 310
106 187
781 358
50 502
158 18
107 688
116 289
257 912
999 212
857 10
250 461
783 81
55 977
811 869
310 350
35 632
93 686
345 11
181 279
768 578
257 105
102 112
350 10
501 785
166 27
11 998
982 318
950 67
931 18
53 2
877 932
357 106
21 685
897 536
769 21
279 625
122 577
997 117
610 699
973 153
658 116
626 286
501 878
68 910
799 36
121 869
215 728
682 91
109 501
631 357
825 221
912 66
557 101
508 635
635 228
69 93
812 255
976 18
845 168
696 717
987 781
509 61
557 336
171 120
131 506
876 502
368 636
105 899
181 505
103 815
11 71
895 215
691 101
782 925
682 893
161 173
22 668
3 17
28 171
463 331
171 686
121 253
346 168
116 879
171 278
369 973
53 101
105 691
157 878
716 189
521 895
178 171
335 188
911 107
711 93
505 898
211 796
781 509
718 177
133 227
612 162
881 550
787 911
10 3
787 933
165 109
687 261
610 505
792 712
15 17
150 581
998 587
693 161
501 850
311 451
128 763
81 810
505 285
826 665
58 505
50 688
715 550
150 882
610 86
331 76
777 917
678 728
978 50
610 91
178 2
835 977
53 21
681 318
78 12
501 750
108 71
615 950
850 876
317 783
22 778
692 50
799 501
507 881
313 771
91 125
950 731
271 15
718 735
451 1
167 128
50 103
369 310
581 509
188 50
998 503
693 898
11 10
781 99
978 501
646 885
101 272
15 535
612 522
368 989
13 179
892 150
781 572
317 278
112 585
3 872
327 676
655 101
63 783
876 627
16 73
811 733
331 91
313 26
53 578
915 361
678 788
93 31
45 691
2 946
15 11
109 582
718 912
781 676
333 681
128 815
178 891
310 265
218 650
717 768
712 691
781 999
508 687
465 32
817 150
646 169
776 786
36 91
999 63
366 897
325 815
187 316
211 61
507 535
507 878
83 18
13 121
13 127
958 125
93 778
710 217
610 507
157 501
365 86
528 368
78 783
896 582
818 887
621 266
781 318
763 652
745 121
778 650
618 710
57 509
710 950
122 150
617 677
710 508
935 678
15 350
31 697
501 32
812 916
185 925
35 288
112 106
911 187
889 632
610 653
787 163
527 550
781 626
782 93
13 189
815 631
131 631
528 91
761 750
99 698
186 921
318 121
63 692
150 352
289 118
721 269
710 699
73 50
189 53
986 109
785 578
910 831
531 763
868 45
992 171
873 626
112 503
766 118
326 978
91 899
317 867
83 662
921 509
178 99
585 117
689 150
697 122
783 350
108 895
126 686
211 268
227 21
628 668
321 62
558 150
509 171
991 355
368 798
991 215
998 912
126 921
310 681
172 718
710 268
506 993
216 685
121 176
31 110
550 509
981 101
271 828
77 617
13 188
691 887
991 882
126 998
367 857
610 781
11 509
452 846
109 925
571 12
36 216
615 71
786 789
50 216
2 458
109 62
11 979
345 69
722 271
101 950
768 789
912 910
53 681
461 578
169 781
631 991
526 13
112 101
182 691
31 891
185 317
586 546
109 897
750 165
991 102
986 112
105 89
711 352
178 213
869 731
228 101
127 681
355 102
733 697
698 102
828 612
550 985
821 27
710 282
93 503
108 157
155 731
10 687
892 936
158 945
57 782
502 12
815 957
521 3
509 502
927 321
726 506
767 116
666 69
315 505
650 106
832 17
717 678
697 53
279 188
810 576
917 507
925 161
989 221
150 106
315 689
509 121
350 31
550 466
110 792
710 3
717 11
505 150
746 509
682 799
73 810
150 821
91 357
361 31
991 821
228 362
169 132
788 112
188 76
268 177
107 917
186 110
699 317
310 79
509 212
118 691
2 107
456 81
750 857
3 453
583 165
631 125
221 699
121 317
710 789
121 787
505 691
503 505
169 789
999 821
699 91
786 317
45 925
457 817
882 458
821 150
169 311
665 126
469 621
895 183
761 350
271 501
878 910
93 550
882 172
863 126
461 315
699 881
950 783
689 811
715 811
11 36
127 101
527 509
869 716
816 971
501 127
263 16
892 765
212 550
799 21
793 98
53 271
689 98
250 827
827 550
327 773
252 268
878 31
107 120
91 999
155 863
916 716
467 331
125 183
128 550
10 781
686 103
178 918
817 118
896 316
509 992
13 101
769 532
131 106
911 50
153 817
165 582
178 958
318 610
250 546
89 761
509 867
763 501
858 107
15 509
178 72
892 27
1 311
536 182
63 99
879 693
811 331
721 993
750 788
315 678
116 350
779 62
612 458
771 169
831 228
86 783
503 27
368 16
358 222
991 128
615 10
188 687
885 31
469 327
831 581
917 10
786 311
507 550
710 735
695 22
50 993
150 458
505 878
109 833
35 501
610 815
163 171
266 769
571 153
927 811
157 889
46 689
318 506
911 661
285 501
991 850
28 46
167 936
121 697
728 669
125 628
645 278
21 215
688 451
50 110
952 183
11 115
661 31
750 725
585 783
16 126
528 779
788 691
99 558
785 768
361 107
15 910
955 321
831 671
79 168
183 16
502 289
105 571
927 550
63 317
365 831
109 128
972 628
826 681
86 169
673 358
532 169
31 786
681 781
12 635
168 89
578 692
952 99
862 505
763 13
633 113
871 699
867 788
650 146
622 468
726 50
21 168
911 627
622 917
150 850
283 550
892 465
458 1
978 213
695 157
458 78
550 762
732 178
578 622
79 917
71 512
87 999
268 32
811 11
658 710
761 128
79 350
133 458
888 106
109 266
167 787
12 863
331 117
350 10
91 279
610 672
845 11
710 531
505 53
68 550
817 783
689 631
105 826
116 107
121 501
785 895
181 265
168 21
3 12
785 813
162 189
911 889
103 781
17 82
798 615
845 698
131 810
50 879
745 33
768 789
509 899
711 101
503 550
133 169
97 669
357 133
171 188
781 811
171 228
858 185
501 769
999 576
678 916
165 586
795 136
32 181
102 557
993 109
792 110
927 131
873 550
71 976
17 769
69 113
557 626
168 689
716 785
115 793
750 215
53 935
505 182
250 171
589 281
831 315
109 107
876 892
121 686
101 950
118 363
711 692
508 217
78 102
93 508
505 172
268 810
317 988
715 181
871 921
110 268
108 12
173 103
502 727
253 315
92 768
988 315
810 16
112 768
781 691
931 581
910 822
83 783
2 973
101 181
121 312
158 78
112 269
355 150
363 581
912 312
577 945
105 950
469 501
467 799
61 83
258 28
178 788
187 21
12 950
586 50
10 552
817 699
211 978
718 17
467 953
131 221
950 113
318 210
612 899
36 110
17 553
825 101
509 995
17 118
93 310
171 31
767 999
126 312
971 318
892 222
33 16
987 176
182 109
465 257
322 165
21 558
509 655
167 250
118 76
777 986
91 509
313 912
821 457
459 650
317 691
109 917
226 178
350 997
452 850
77 508
106 506
769 285
316 506
725 899
133 101
22 501
36 101
312 589
312 131
257 73
16 698
212 650
189 336
189 810
921 461
731 812
572 120
799 769
995 811
918 78
503 150
182 501
35 917
733 881
618 13
321 763
83 976
150 316
621 996
282 878
150 25
11 501
279 528
696 899
899 927
767 822
73 165
501 827
107 578
787 10
550 935
661 311
668 935
926 799
109 932
509 150
836 996
218 101
655 950
165 215
12 697
277 688
17 911
646 558
889 976
73 683
250 178
885 786
62 911
105 797
501 168
866 671
310 769
646 189
621 507
150 126
793 827
287 66
750 146
317 172
252 666
153 676
102 467
13 109
650 33
796 3
508 761
850 281
183 910
153 12
507 507
799 176
112 507
895 167
186 812
786 657
785 169
677 110
762 103
632 989
762 15
796 576
67 112
91 181
899 818
693 991
93 150
332 682
211 212
811 171
506 121
769 13
789 779
501 552
176 225
507 61
828 103
762 991
61 711
121 989
631 622
793 11
101 689
350 77
72 501
155 932
918 105
950 581
150 261
816 912
121 131
127 12
986 109
716 815
102 210
181 12
68 121
999 950
681 33
710 31
179 218
278 728
93 682
210 550
571 716
182 912
585 128
916 279
833 461
508 746
312 326
108 328
865 636
158 953
610 110
810 252
72 711
625 72
468 101
950 227
781 188
782 176
212 817
98 668
69 689
682 163
785 578
451 863
46 283
506 171
2 50
276 799
62 695
721 16
831 215
581 33
502 512
212 273
35 181
773 731
25 710
745 250
935 610
501 971
132 350
991 509
118 106
101 531
677 731
50 112
503 157
509 457
501 891
145 810
509 501
226 555
786 521
745 152
891 71
891 767
750 109
509 61
892 50
508 31
110 282
689 21
992 368
11 451
176 509
689 107
115 893
183 658
696 502
310 912
89 585
661 869
632 278
171 157
46 177
272 822
650 897
187 462
369 13
27 502
31 891
689 13
17 821
315 989
93 521
31 181
689 503
850 136
117 250
285 503
589 255
105 878
363 791
103 689
107 953
715 879
178 935
621 653
812 106
188 332
269 578
216 107
55 501
115 271
971 897
150 1
822 105
102 217
650 788
695 850
16 32
362 683
996 99
157 971
618 35
789 366
128 76
589 501
25 167
310 661
15 717
509 32
503 33
831 521
508 891
73 763
10 502
105 10
77 136
12 812
817 171
810 10
952 631
862 11
102 817
827 250
91 35
150 33
98 836
181 178
31 682
785 281
210 121
588 268
169 750
868 95
798 93
73 36
553 509
16 178
550 108
33 116
126 828
586 128
509 158
105 978
31 503
109 131
981 61
501 935
71 31
210 550
145 178
181 506
981 178
782 250
699 321
18 825
188 112
812 677
456 718
995 262
887 658
463 998
507 91
685 17
532 321
467 89
212 782
812 871
128 109
507 78
850 718
350 89
922 269
155 271
577 161
893 13
833 988
918 125
181 550
22 781
325 781
911 816
746 179
952 313
683 502
636 18
817 188
227 891
131 257
532 116
882 750
509 13
509 181
992 363
897 76
261 179
886 272
509 866
731 101
931 363
10 21
750 950
508 989
981 945
831 985
769 857
171 681
507 133
746 765
571 226
31 73
750 697
678 545
776 150
459 872
507 118
550 628
972 311
105 673
46 72
85 982
126 36
27 115
816 36
171 501
283 311
501 997
187 762
310 50
252 53
527 78
101 33
891 925
817 767
585 121
646 552
468 991
152 345
317 267
509 988
12 852
616 897
76 997
553 816
177 550
78 735
509 855
10 950
16 699
2 317
11 505
585 162
721 185
93 993
873 531
277 168
188 365
22 652
985 107
711 315
711 289
501 618
93 995
186 226
931 150
78 36
316 155
363 526
917 221
15 179
32 71
352 212
451 831
763 850
897 35
771 172
662 150
979 122
763 718
797 110
816 992
982 871
688 53
326 681
311 781
366 93
771 311
466 107
686 689
508 999
955 61
507 776
899 699
867 11
816 761
878 998
250 501
687 502
501 788
31 181
868 698
33 2
555 93
571 686
31 346
189 788
93 12
78 352
621 218
768 788
210 181
671 622
635 85
717 861
146 710
78 189
78 2
73 855
816 935
695 103
769 1
505 50
501 63
103 999
31 31
117 128
50 978
725 506
32 16
781 578
16 459
361 686
799 73
31 583
109 618
36 788
166 53
188 31
986 772
258 721
869 12
503 610
98 181
25 161
86 169
322 77
333 769
17 81
91 45
157 106
46 11
650 695
627 468
82 931
10 821
996 311
367 916
121 125
587 978
698 31
276 317
87 50
721 831
502 171
791 158
692 316
112 109
168 118
910 31
33 350
333 761
79 36
699 761
877 122
346 999
976 817
181 985
53 328
105 788
181 211
211 695
971 508
869 12
911 787
677 221
891 105
352 926
509 136
257 899
31 350
350 105
668 462
950 712
166 121
153 3
767 10
931 125
699 716
255 845
183 650
681 187
955 31
353 625
850 578
957 509
211 161
101 732
688 2
996 109
278 318
789 536
71 157
185 281
65 467
186 189
125 989
981 358
101 828
716 710
145 15
10 222
176 92
610 69
73 158
689 836
971 116
181 992
818 788
165 350
731 350
31 993
109 828
931 918
120 12
661 368
501 255
215 128
2 457
109 310
918 528
177 553
750 501
171 102
358 688
550 97
689 501
117 36
982 810
173 99
910 671
688 32
850 681
655 989
108 508
109 15
350 88
663 227
788 120
536 789
789 15
189 112
750 2
505 916
185 726
792 916
312 686
318 672
321 699
73 671
103 817
181 171
109 950
501 653
276 186
508 545
691 978
17 36
889 10
912 650
976 871
2 368
509 2
31 831
145 365
73 573
899 268
50 95
225 586
579 661
786 176
991 350
22 665
31 112
711 536
891 810
109 66
278 112
369 189
878 68
509 850
571 226
936 458
311 131
181 16
282 99
105 682
826 2
120 667
317 583
181 278
369 108
316 105
101 331
72 669
21 101
150 763
922 869
918 101
181 715
502 979
250 717
33 72
713 21
815 461
105 312
93 985
867 831
12 699
101 131
176 318
673 978
345 999
716 350
281 109
877 102
545 785
132 871
527 50
871 18
2 950
318 186
622 61
536 509
221 189
212 788
799 350
895 131
977 173
831 731
285 368
677 682
109 653
121 113
312 681
650 32
652 781
810 682
127 871
578 15
898 508
982 508
587 993
950 782
186 589
678 676
108 502
785 158
62 11
110 165
921 12
578 118
762 178
181 3
178 910
932 33
181 509
185 995
162 827
210 177
508 989
509 1
10 699
182 711
882 3
113 102
689 250
988 633
917 101
769 25
101 913
17 325
973 812
750 11
750 91
696 83
507 271
27 789
268 501
322 698
681 10
136 683
777 166
526 507
13 452
833 781
713 112
108 33
172 101
910 150
765 952
150 72
501 926
771 731
699 928
121 876
668 718
899 852
183 869
212 178
81 891
501 550
503 799
853 157
311 31
628 999
85 632
750 612
817 995
771 789
109 692
2 811
81 735
101 150
731 250
168 103
815 285
12 850
121 113
506 995
318 310
871 61
818 108
150 93
506 710
931 699
257 505
118 63
505 178
983 469
981 509
733 18
955 50
916 12
11 831
861 766
501 768
769 135
610 78
45 279
950 988
155 110
997 555
818 226
11 762
266 661
171 55
698 833
871 787
509 269
587 2
950 93
332 35
788 313
886 936
183 771
503 315
118 101
507 718
17 827
189 811
671 912
571 509
120 33
787 863
332 692
31 17
869 995
622 225
88 162
453 992
16 33
189 987
581 946
16 699
278 328
945 667
550 469
531 120
310 185
509 831
813 122
507 10
783 127
16 698
655 876
507 732
165 878
327 971
691 456
121 131
218 550
458 107
126 115
107 162
571 178
788 281
288 311
133 315
509 850
150 678
128 772
12 126
763 503
531 679
335 882
933 289
18 102
36 211
995 768
658 631
2 177
507 995
122 789
685 571
317 926
11 171
992 650
768 10
112 109
733 910
986 879
73 678
107 931
108 665
985 521
765 150
501 69
989 178
779 667
678 108
62 982
128 46
50 258
73 873
735 982
817 2
71 105
310 103
976 12
817 315
771 102
797 171
222 811
310 350
350 781
171 505
310 178
81 888
581 863
505 176
505 750
781 366
97 281
10 993
31 178
451 683
786 171
266 662
581 677
109 697
250 91
169 615
897 721
646 2
711 276
215 791
17 789
155 506
771 945
315 50
99 66
681 650
176 315
877 915
863 265
311 12
871 789
89 771
713 573
781 101
928 735
169 509
465 350
321 267
310 286
102 728
618 761
58 128
503 916
250 669
650 798
507 11
458 750
916 13
107 16
982 507
13 99
157 31
158 173
922 895
112 91
725 250
981 89
108 268
681 173
811 92
177 452
781 76
189 631
316 46
512 187
131 505
53 345
188 771
167 502
55 893
169 112
550 788
831 71
912 91
456 507
615 998
11 785
176 350
33 120
589 506
135 781
10 210
501 456
652 126
150 451
11 120
108 978
150 873
311 316
978 79
818 66
12 465
555 152
978 868
466 507
910 102
509 635
910 678
762 632
899 81
87 673
886 36
310 225
665 769
116 216
117 316
992 662
181 368
691 46
778 796
786 333
773 45
63 818
892 152
315 692
186 533
762 953
210 550
869 995
863 936
871 711
102 831
17 532
779 787
212 317
571 112
503 950
87 505
2 311
133 502
13 731
883 636
11 997
211 877
768 918
786 125
762 655
695 506
693 997
211 169
116 331
789 50
22 991
150 981
102 466
109 312
10 101
657 679
533 791
745 698
73 188
171 16
721 266
116 762
509 315
528 583
557 910
625 869
787 761
257 150
182 917
699 131
687 178
589 177
710 981
150 531
150 509
989 250
45 503
135 781
668 277
369 871
125 222
112 88
179 921
912 133
710 817
558 101
12 350
31 502
11 628
950 63
93 278
768 503
897 835
501 621
278 626
782 46
710 285
87 891
132 11
957 893
508 312
877 150
153 35
989 911
912 610
788 631
899 318
893 508
750 981
871 986
550 883
465 991
45 2
618 278
612 583
78 15
361 250
508 995
36 110
187 589
821 893
118 899
653 878
535 365
816 58
312 112
503 227
68 467
587 998
118 977
991 107
910 321
321 627
503 509
786 716
899 766
50 218
113 185
687 50
508 677
18 289
509 818
916 950
676 81
50 946
68 881
262 120
311 698
889 773
107 16
553 927
546 509
578 650
99 451
655 271
785 15
526 667
879 610
467 788
189 895
927 121
171 991
787 896
45 693
697 110
18 501
550 697
21 363
117 955
261 717
978 36
91 786
788 899
711 697
150 93
361 798
512 311
106 107
3 876
868 503
15 579
368 699
17 503
369 697
731 163
610 312
350 681
505 858
893 771
217 610
163 255
86 25
33 176
32 898
855 21
668 987
846 163
225 918
509 508
618 655
12 750
818 46
350 813
187 667
978 716
106 345
769 781
999 79
108 345
785 978
250 215
250 178
631 272
69 167
116 665
217 182
768 178
981 18
785 317
508 501
106 781
781 815
573 733
792 616
102 999
625 78
45 786
578 46
845 766
761 991
163 612
172 695
976 625
178 776
262 102
502 116
717 950
218 731
18 508
105 250
122 672
311 782
988 176
911 899
17 505
469 892
89 21
102 665
226 165
55 286
176 818
617 981
711 508
508 1
157 631
109 916
181 728
811 50
699 950
792 910
117 113
110 452
628 736
101 315
12 557
78 698
732 311
958 125
76 507
555 181
189 791
571 936
121 69
750 501
665 998
262 781
892 115
33 521
546 172
550 787
93 32
68 250
876 817
328 973
997 109
32 796
810 125
10 636
616 698
691 162
36 503
776 50
146 579
833 501
736 785
910 783
810 281
622 176
127 91
318 168
689 128
352 769
268 27
17 150
25 872
132 10
552 985
81 502
50 911
313 817
81 728
157 507
531 368
458 689
250 862
218 957
53 716
36 2
108 128
452 150
681 668
451 578
767 578
173 910
150 71
891 745
33 501
189 682
992 771
18 126
121 117
681 82
626 553
116 50
169 716
612 250
122 79
672 72
216 17
503 899
781 689
12 917
178 993
699 503
121 503
168 2
853 811
683 999
896 118
679 131
501 453
121 178
987 769
467 715
817 668
32 469
112 61
886 508
212 176
113 125
461 18
831 509
61 626
189 458
78 253
715 502
555 685
533 265
227 1
646 855
977 152
71 612
789 897
509 981
278 505
277 536
76 150
610 526
31 169
310 222
736 682
61 461
750 835
501 711
628 457
459 153
68 858
552 87
21 53
778 211
725 693
846 525
578 31
11 250
278 885
762 131
250 893
350 126
793 17
218 997
50 11
185 550
550 710
612 692
278 631
322 786
688 108
995 687
810 177
161 899
312 109
456 507
896 311
161 452
10 63
735 1
72 991
589 992
645 858
731 31
955 10
897 116
526 121
367 146
183 13
578 711
61 509
786 636
711 927
558 1
105 165
916 991
162 550
105 250
918 976
162 835
781 35
682 997
571 108
798 33
668 63
103 821
135 746
167 50
176 98
992 926
218 171
558 509
169 3
113 693
711 11
92 217
266 950
355 683
181 369
10 50
72 621
457 72
102 212
918 276
773 227
133 102
67 350
915 503
76 327
352 227
911 550
15 657
817 45
502 913
765 108
879 979
718 845
781 150
811 108
103 509
189 217
622 911
503 976
13 118
507 699
672 150
61 910
585 109
318 987
952 698
550 61
281 505
715 11
271 101
353 979
921 153
50 799
218 78
125 509
169 996
678 781
171 250
227 685
322 106
750 150
250 850
810 178
533 152
12 217
106 250
93 107
28 69
176 269
112 788
995 503
121 621
310 10
17 550
507 458
62 725
169 831
278 35
456 715
13 798
982 105
109 888
910 136
501 821
453 558
13 86
787 912
18 710
846 993
95 788
589 810
108 666
109 545
331 971
726 550
107 717
616 316
268 31
895 368
161 681
10 150
978 352
212 866
318 12
507 763
91 555
106 366
81 691
107 117
921 93
505 456
501 213
699 125
271 910
535 615
731 152
645 821
952 327
50 557
999 176
17 977
616 35
91 103
673 783
936 89
612 218
109 61
152 501
676 169
817 46
887 81
273 101
36 83
716 915
31 691
889 911
655 793
658 217
877 32
276 311
468 588
355 531
722 845
710 155
261 150
368 178
718 457
636 10
636 1
458 521
676 913
62 116
162 350
887 668
502 89
269 785
210 50
165 369
978 818
352 997
78 501
18 810
687 2
527 985
15 33
505 611
50 957
69 31
276 589
509 552
933 866
368 891
777 58
571 786
788 50
128 721
112 817
2 610
972 991
786 573
27 836
769 163
211 512
650 831
789 2
782 13
531 35
46 317
118 876
625 126
118 117
857 97
858 46
120 321
93 46
876 512
509 502
550 135
506 110
121 53
815 71
746 678
50 879
505 681
887 891
179 818
783 153
501 171
788 732
222 181
18 67
722 891
545 255
993 850
76 992
50 10
512 162
358 695
115 179
689 109
11 782
650 181
95 831
521 850
672 71
325 350
182 972
509 995
92 168
691 459
331 128
721 50
162 813
68 815
181 728
631 669
879 972
128 22
503 745
21 850
171 11
899 121
850 678
87 779
722 68
886 503
32 1
788 769
120 367
721 31
911 522
28 117
987 509
813 451
897 877
501 532
150 311
18 269
186 683
3 650
625 682
22 785
283 81
736 507
55 461
101 106
179 509
210 350
910 112
258 169
176 999
899 655
176 451
507 505
12 318
12 999
456 186
211 508
457 916
503 215
113 31
505 645
146 683
917 99
999 858
883 857
10 636
227 677
168 61
102 2
650 468
893 989
886 103
812 146
10 991
181 310
676 115
211 110
665 772
893 505
456 21
109 571
350 155
136 679
211 317
112 312
103 122
50 663
633 981
935 681
545 327
31 101
871 122
461 768
898 101
891 132
897 991
50 691
783 946
73 785
155 793
581 817
502 153
269 678
915 878
50 917
910 912
109 991
68 210
618 796
161 911
36 13
128 18
508 71
745 627
461 799
179 628
668 210
18 286
850 676
109 535
997 185
10 250
50 31
855 189
786 631
358 78
179 187
2 313
782 310
501 501
136 212
109 179
183 688
788 105
17 768
312 782
178 102
133 32
268 126
2 811
676 811
950 999
31 50
79 777
679 787
979 326
731 16
112 893
546 527
125 2
688 950
83 150
77 625
761 782
3 625
831 786
65 83
216 32
731 816
857 501
971 505
126 666
999 150
822 316
177 922
12 86
552 509
363 171
107 793
101 317
120 13
33 250
991 36
117 31
163 179
99 101
502 312
16 916
368 77
45 662
101 85
32 168
82 501
550 977
18 178
501 889
12 687
112 731
317 991
953 13
168 691
898 877
673 612
532 311
792 78
31 726
332 763
78 78
955 92
350 189
982 676
508 918
261 178
158 105
891 35
212 646
576 799
17 317
889 945
713 458
771 112
350 683
211 461
212 131
996 506
821 189
333 78
526 10
106 185
183 110
456 73
632 269
750 187
583 509
451 787
536 78
112 878
509 211
998 11
368 109
899 750
636 50
835 831
31 636
501 945
63 710
501 546
633 121
545 31
915 763
897 352
681 287
576 736
506 288
507 109
67 661
589 153
550 313
691 165
31 793
878 183
112 127
211 785
816 788
265 946
509 107
693 185
121 150
618 18
899 650
86 527
153 781
313 697
82 269
3 452
169 931
117 18
315 953
699 345
545 53
525 792
992 750
785 172
898 527
508 36
127 822
91 69
781 86
268 250
662 508
998 171
71 165
169 869
152 173
910 657
993 921
107 512
828 369
693 53
761 653
368 921
698 178
815 899
652 18
91 350
509 121
50 576
508 171
313 69
53 509
915 266
93 71
78 311
108 313
863 689
798 71
177 328
836 781
716 150
588 995
503 136
33 289
91 501
625 83
105 987
976 826
818 150
106 695
12 681
33 873
18 635
503 699
169 125
53 686
878 289
271 50
826 645
22 917
101 101
611 318
971 18
853 317
250 136
210 815
312 782
506 950
120 773
353 146
889 218
277 958
12 271
331 789
73 101
451 310
171 697
866 108
53 798
976 365
818 155
179 272
318 250
288 93
18 177
33 81
176 71
112 83
501 531
33 895
588 761
109 688
127 10
105 289
50 626
650 466
109 853
369 789
531 258
505 31
973 925
882 318
187 783
882 61
810 782
216 210
278 120
971 101
995 783
18 881
118 212
125 876
269 227
181 63
631 350
507 133
550 182
546 636
976 278
610 169
899 699
766 871
927 181
786 812
509 650
109 582
35 981
1 699
896 826
673 698
892 286
10 782
458 991
150 899
12 503
692 327
325 458
958 617
13 791
921 50
876 762
750 985
176 953
731 781
550 326
252 981
558 71
577 812
618 557
528 976
793 889
127 176
465 950
650 150
178 831
586 171
868 63
852 125
512 16
861 572
981 318
653 109
505 712
458 911
850 578
178 850
501 917
369 715
781 58
991 103
731 71
453 713
225 999
658 103
210 250
10 950
93 13
53 88
921 83
792 350
317 522
571 322
571 669
166 868
369 31
926 11
750 50
312 850
583 165
750 458
101 827
71 631
688 121
72 218
897 810
88 891
62 916
173 732
767 676
687 15
328 911
153 622
687 73
650 317
769 178
278 526
699 18
913 171
126 31
35 71
187 3
798 811
91 917
178 350
113 506
325 18
871 76
782 128
555 850
713 716
671 312
145 168
571 12
82 950
810 35
69 78
102 666
826 892
816 459
50 711
697 713
581 553
83 587
889 627
788 95
916 571
67 168
817 789
86 212
810 521
545 697
110 992
157 763
357 85
71 669
696 818
369 458
726 468
881 577
363 318
250 557
136 15
95 986
928 502
18 678
950 616
279 652
11 689
181 283
45 83
50 71
108 121
182 110
612 171
211 509
858 871
716 999
288 12
887 266
1 536
731 225
361 646
983 11
626 101
631 179
989 217
810 33
101 451
899 132
645 318
671 526
278 653
589 326
116 350
585 146
868 289
87 633
812 21
250 225
796 621
2 127
171 150
891 45
865 189
667 891
501 369
585 501
465 331
698 311
121 872
862 977
893 312
31 469
750 71
105 31
21 713
63 778
287 978
13 312
710 618
125 922
546 362
785 17
127 109
876 68
871 15
35 788
91 467
999 912
17 177
889 71
185 120
218 935
689 93
335 913
188 666
50 785
363 898
931 681
583 288
501 588
1 350
718 997
686 761
971 350
672 865
1 311
978 336
225 788
173 172
761 103
899 11
186 787
778 257
210 668
69 899
501 633
553 50
589 33
786 18
571 692
458 898
172 918
891 116
976 845
972 155
818 101
505 788
912 710
117 501
971 145
321 120
552 789
501 771
768 508
522 982
999 892
612 271
546 18
101 178
503 657
68 615
910 31
66 310
108 313
350 77
950 316
535 899
810 21
73 115
509 668
91 2
781 311
31 109
453 711
935 11
899 550
362 950
465 997
892 182
686 765
325 677
503 898
116 571
509 626
768 350
811 350
691 68
10 103
212 83
313 781
107 127
117 689
982 836
503 13
810 509
272 117
508 101
168 112
586 183
227 101
531 991
112 186
188 546
899 727
845 509
107 781
32 115
786 710
353 910
78 281
886 550
152 811
850 950
33 679
632 150
101 150
13 531
671 502
791 821
891 507
981 127
217 311
693 288
972 18
35 311
785 735
18 715
33 182
279 253
716 269
261 633
509 710
210 116
3 881
27 832
776 369
895 315
768 812
787 933
152 845
168 102
76 451
103 531
879 103
155 671
105 318
658 955
550 106
571 502
466 451
931 110
109 689
881 788
118 681
50 991
118 215
501 996
221 135
32 217
855 458
168 10
501 506
212 999
350 509
115 508
505 911
502 102
781 46
868 366
10 31
181 68
288 810
711 501
125 869
615 62
101 778
88 451
262 112
89 616
113 15
287 736
463 105
501 787
573 891
268 509
109 681
115 691
177 150
35 645
468 253
693 898
11 167
831 988
10 68
781 509
831 150
121 507
97 171
788 911
850 503
83 62
550 521
50 916
169 769
135 578
276 622
58 120
578 352
782 787
509 210
507 769
571 502
697 265
152 92
150 716
535 508
817 346
612 61
171 331
161 216
682 128
50 10
310 178
891 352
978 528
227 771
976 789
31 852
97 577
105 950
31 692
999 521
987 31
169 818
973 991
61 911
350 32
812 950
721 815
821 355
350 222
911 225
505 101
271 333
889 33
507 69
685 826
73 31
582 710
467 181
212 171
715 250
691 716
101 891
456 977
922 689
1 468
116 971
545 35
769 545
989 710
110 131
312 777
815 799
508 98
336 712
865 682
509 812
73 12
913 509
650 103
506 533
269 50
162 791
83 21
312 32
788 350
185 150
662 533
107 926
116 991
128 150
932 169
683 50
169 983
785 812
169 36
585 950
81 368
276 995
586 313
353 46
172 631
91 2
750 178
135 250
350 91
469 110
836 76
21 73
150 3
177 62
132 581
508 131
31 50
899 781
763 72
250 989
321 689
691 636
310 68
102 227
550 502
312 691
699 579
187 818
882 868
176 795
178 505
916 115
767 166
127 78
211 279
992 109
315 105
673 121
552 812
212 177
615 878
33 267
181 781
78 855
102 267
528 99
15 505
91 15
862 456
766 212
578 509
610 125
915 33
911 278
120 73
945 678
991 503
795 945
769 120
458 11
18 109
685 16
552 112
866 36
171 583
931 832
325 36
181 163
678 507
711 973
521 971
791 502
645 63
627 750
45 785
125 69
766 262
211 153
50 126
102 731
12 796
50 978
189 992
185 158
125 711
458 152
225 178
31 132
112 183
210 506
955 126
505 815
281 210
993 310
546 502
46 150
536 661
731 989
850 277
717 910
346 681
936 505
781 522
850 312
697 33
727 27
57 787
461 117
771 676
12 158
311 189
150 727
287 663
146 868
821 172
782 1
117 746
921 350
122 2
181 181
715 915
122 181
522 120
16 33
187 571
227 733
681 318
336 315
253 555
778 355
53 671
852 910
63 676
63 722
31 155
931 881
711 326
501 828
12 721
611 257
92 15
811 506
127 69
689 91
72 668
998 15
777 33
278 268
218 31
12 587
131 120
782 212
731 781
1 583
887 118
150 13
3 11
697 509
469 681
99 150
167 972
762 776
332 281
107 132
368 89
878 150
895 768
176 553
652 187
110 578
861 31
171 781
135 632
509 269
581 117
21 691
986 169
836 179
688 369
503 812
21 18
927 733
501 281
288 113
502 1
881 45
867 610
255 63
577 336
183 82
989 663
250 11
121 217
346 826
181 2
268 102
826 61
462 217
218 886
866 17
78 550
791 16
345 502
278 526
509 769
506 315
2 718
678 778
169 678
105 745
769 786
731 2
128 158
668 131
103 950
13 50
981 678
946 931
120 699
508 850
107 50
899 957
16 113
162 512
355 672
36 627
121 535
250 653
821 172
157 91
108 508
13 28
181 783
288 361
892 505
313 126
21 731
3 21
827 350
221 310
505 610
507 831
850 267
795 550
31 913
735 268
317 818
252 583
910 987
850 150
815 317
109 925
769 91
32 345
10 999
626 50
946 173
881 11
469 863
501 91
898 882
81 710
653 269
836 63
103 635
276 506
850 666
68 677
505 316
503 33
71 265
316 121
169 988
468 102
279 125
768 979
465 282
116 72
631 928
501 312
501 33
81 557
33 502
776 505
78 122
350 369
101 467
865 550
183 2
579 993
325 666
463 931
995 11
83 265
73 879
350 3
31 279
812 71
999 785
131 107
150 899
509 310
710 345
501 978
912 821
505 782
166 71
12 1
786 146
581 892
178 108
581 89
852 831
11 502
662 910
631 173
109 168
103 536
557 50
769 33
93 263
127 928
502 995
463 777
689 269
650 993
109 501
252 3
631 781
312 31
501 125
321 145
210 713
345 12
158 772
779 572
453 2
550 910
779 210
926 691
773 610
972 771
771 781
865 18
781 109
526 105
509 850
136 853
512 1
31 696
512 78
271 689
71 781
773 576
892 189
226 250
633 212
502 289
750 913
278 169
166 211
57 782
35 781
178 582
586 99
10 782
327 722
610 109
25 95
250 612
817 81
71 573
3 171
850 78
321 735
816 25
781 222
685 918
313 509
93 315
461 255
681 618
57 112
35 345
506 253
10 721
176 179
646 103
318 769
12 581
452 102
501 650
31 502
845 311
310 522
362 921
892 910
115 979
978 315
812 1
798 981
871 507
689 50
631 157
45 216
779 50
287 53
216 798
712 269
507 18
189 505
777 252
579 586
546 552
31 158
950 32
866 815
36 501
178 15
116 45
893 57
628 221
931 289
771 122
53 172
35 787
789 153
545 458
716 818
999 589
322 276
132 345
898 165
722 665
781 855
2 768
36 697
873 785
181 769
95 781
121 189
555 451
945 876
917 710
699 182
55 786
122 350
931 783
250 558
509 527
891 362
972 68
789 505
250 699
150 972
636 350
121 645
466 507
168 857
157 453
750 451
550 889
215 258
576 279
11 328
610 981
862 135
31 128
317 93
131 456
927 468
145 508
103 896
685 881
998 173
731 713
50 10
362 131
288 509
899 63
711 13
215 73
117 11
718 110
227 762
505 587
999 509
350 763
99 868
885 735
103 982
16 578
745 250
650 873
982 177
502 891
276 512
311 512
786 321
350 991
912 650
777 10
589 188
818 878
835 76
11 950
27 31
677 10
501 33
501 782
697 46
531 109
917 691
892 11
21 10
831 21
128 509
250 983
3 133
61 182
885 811
451 921
91 22
162 109
120 3
211 816
636 278
92 187
171 268
789 467
106 672
266 176
183 910
152 108
91 318
102 993
315 128
78 10
97 10
646 789
153 733
176 458
50 921
669 310
922 17
315 335
152 18
508 931
150 845
10 176
212 68
821 2
155 687
769 265
11 26
993 811
36 858
250 177
917 120
276 101
131 767
863 921
286 772
506 879
85 250
507 177
671 825
989 918
767 73
922 32
672 992
459 72
112 761
98 502
33 16
77 896
187 81
73 531
789 453
317 687
365 957
699 997
915 13
879 989
120 45
532 211
910 16
171 502
850 769
997 83
505 503
120 121
212 451
811 132
221 681
811 257
131 505
167 735
1 227
31 893
689 32
998 468
869 276
782 189
991 550
633 369
867 169
168 17
76 10
311 310
261 915
695 836
588 783
999 31
781 1
32 791
525 167
989 32
106 610
715 66
889 150
145 350
112 816
866 313
532 211
776 762
211 189
150 127
36 916
509 572
350 318
128 503
150 121
501 32
103 501
509 13
628 50
113 881
68 87
13 710
186 936
571 776
858 26
459 781
311 128
627 912
878 831
683 827
50 827
110 950
686 525
505 11
689 678
81 189
358 118
928 365
278 101
2 712
945 781
911 950
621 18
72 787
550 10
17 350
692 936
501 899
318 671
668 31
950 850
502 610
11 508
107 95
46 105
289 461
281 676
281 85
350 115
116 50
183 686
10 576
118 71
46 459
112 276
696 216
769 509
50 171
978 276
269 11
555 117
108 912
50 350
981 355
103 112
621 728
53 368
892 12
631 178
998 81
653 358
502 671
25 910
621 33
321 315
168 106
163 998
810 916
168 576
456 218
50 350
459 150
871 10
897 509
157 687
731 13
508 46
950 509
178 852
550 15
456 178
695 873
456 831
781 288
12 211
976 731
81 910
35 328
50 681
268 915
811 46
932 355
50 26
82 16
155 310
652 627
555 509
10 66
99 509
11 315
11 33
98 350
268 788
161 89
583 67
107 316
350 50
579 67
11 512
120 355
501 287
318 79
13 328
787 112
461 115
558 158
158 857
218 509
508 699
121 183
526 779
26 52
850 315
850 699
465 676
952 350
918 12
11 871
501 588
210 185
11 211
910 501
610 28
899 173
550 501
912 582
81 186
250 987
509 765
527 995
731 628
71 786
50 331
555 18
550 679
521 211
13 363
93 692
853 133
910 818
578 618
125 699
128 611
557 957
3 466
103 169
181 468
677 512
695 581
881 508
325 813
58 710
501 522
368 885
683 331
11 11
178 650
465 928
108 531
89 978
826 781
15 666
999 146
957 109
669 995
876 13
686 467
3 176
21 218
125 898
13 813
161 46
716 177
83 112
45 850
22 699
501 312
451 576
501 662
922 786
725 505
997 317
895 281
369 81
136 936
81 769
228 783
917 71
992 671
735 61
315 250
57 278
850 2
150 158
998 182
918 509
31 55
121 811
33 81
50 631
318 587
610 173
289 218
696 212
31 663
810 112
910 831
169 31
121 799
685 211
507 691
150 86
986 131
121 791
363 786
678 550
173 973
452 50
103 109
369 68
35 509
181 13
315 103
261 691
509 832
786 109
350 87
933 522
210 981
35 693
981 768
336 581
50 128
331 153
289 116
952 33
650 531
558 650
250 317
768 610
17 77
691 506
631 886
150 331
927 508
789 505
131 57
521 677
250 217
221 31
776 928
581 161
253 898
818 102
67 169
316 769
532 571
531 78
50 678
131 10
250 711
10 502
578 152
116 83
93 12
91 721
895 550
898 831
508 169
261 167
71 508
916 762
582 508
168 161
878 892
155 750
50 507
789 505
711 150
833 768
112 456
932 169
165 33
798 727
11 81
673 797
310 112
61 458
152 716
31 252
918 688
69 27
166 2
501 671
168 816
867 110
783 501
668 181
781 991
1 881
53 321
101 2
212 866
501 761
785 950
135 128
999 711
676 217
317 899
507 269
101 101
882 797
312 898
2 508
503 181
725 582
457 355
910 503
996 456
225 150
66 126
157 13
102 932
217 509
318 501
50 282
15 289
78 31
550 921
501 462
631 146
150 311
31 501
725 289
350 781
876 796
933 858
681 462
762 501
221 1
501 771
931 178
508 457
692 16
505 317
189 33
99 927
91 552
12 181
508 277
83 125
610 881
12 179
117 913
788 76
786 102
13 502
612 31
73 896
781 507
172 463
32 973
163 250
715 857
89 781
945 127
795 999
617 107
891 616
855 88
501 727
110 155
16 767
873 78
915 555
112 178
812 250
501 107
991 852
696 120
313 503
891 505
189 631
153 507
999 886
912 699
917 68
857 61
502 452
699 101
279 717
899 926
871 999
53 507
112 350
522 458
976 912
936 67
15 886
622 12
552 267
116 182
176 312
502 896
776 978
178 793
678 155
465 718
31 103
899 65
871 558
150 797
2 789
862 222
799 831
781 850
812 979
81 650
176 503
50 925
710 503
83 83
732 687
176 761
31 981
11 283
650 778
79 121
812 716
509 158
503 506
727 502
25 932
855 126
915 212
732 312
55 782
816 976
881 350
277 109
918 278
811 891
166 999
467 936
101 555
53 1
95 226
768 811
503 815
573 12
350 17
650 972
110 912
868 99
508 312
178 250
689 971
503 157
451 176
713 950
667 521
776 622
818 115
501 367
783 501
331 650
831 467
691 121
882 317
610 176
363 713
557 11
101 112
53 725
835 506
502 46
818 895
101 91
833 463
176 699
169 217
611 699
97 876
502 891
113 869
189 536
916 855
11 211
277 315
501 83
13 273
212 316
313 550
222 210
811 217
621 178
578 668
31 536
122 789
789 118
831 73
822 313
50 581
350 95
995 335
168 998
31 272
26 116
999 871
120 699
950 269
87 31
750 681
610 85
150 172
182 453
999 312
589 781
120 257
716 289
776 63
507 122
746 179
289 852
882 509
102 32
810 650
971 61
669 225
28 91
169 17
546 697
33 105
891 786
335 991
12 176
631 2
873 631
187 126
73 533
650 278
881 682
789 456
878 99
521 531
178 610
363 673
110 98
33 698
133 791
10 972
689 785
182 150
312 15
12 33
61 102
131 912
826 778
181 178
918 781
188 868
50 505
276 62
458 215
661 735
110 750
678 315
910 108
15 508
315 726
355 250
833 350
921 127
66 786
582 550
791 86
81 710
120 103
76 46
369 325
117 182
16 226
176 91
572 668
101 167
581 921
128 121
689 625
121 797
699 995
250 21
789 2
663 107
817 991
505 509
117 76
828 2
746 11
508 508
31 83
289 467
83 10
779 179
165 581
327 997
35 350
46 503
178 332
821 315
682 122
12 276
810 712
573 331
869 558
765 311
31 508
109 258
321 283
991 553
976 550
71 507
11 463
109 631
71 112
112 10
13 628
15 211
771 16
50 105
269 71
285 122
817 997
31 17
11 663
108 189
91 286
321 269
989 33
161 657
915 35
558 727
125 671
828 669
109 45
250 345
506 882
68 46
2 681
271 676
650 268
218 62
117 281
127 503
981 912
32 168
171 692
972 310
33 688
521 121
350 617
153 550
461 628
145 673
899 71
115 178
681 122
931 850
189 672
509 188
715 109
210 313
616 13
731 109
577 761
745 11
645 669
101 502
550 262
507 66
176 109
788 11
786 328
331 995
578 617
127 557
257 458
612 310
26 501
146 73
120 189
671 33
150 578
121 666
93 115
211 77
910 850
610 610
188 831
93 509
15 889
31 107
845 892
252 811
610 526
346 683
981 267
2 218
646 521
101 367
276 171
105 579
868 71
311 833
73 66
610 817
501 212
695 165
633 550
152 816
166 501
109 950
278 45
936 716
996 827
32 761
112 31
793 50
150 692
212 456
458 21
621 456
726 453
121 750
110 176
272 10
131 212
1 997
210 189
550 116
17 781
10 169
16 331
916 550
717 765
502 612
178 978
83 832
107 999
579 33
918 916
62 669
989 253
689 169
82 652
162 650
71 116
189 509
558 336
163 128
710 765
699 109
150 98
785 310
11 322
33 350
682 978
451 101
571 281
867 212
685 183
876 121
109 625
352 17
350 73
273 735
626 311
106 83
212 950
152 150
950 671
508 363
998 578
10 109
811 13
502 102
836 146
531 313
898 997
1 715
509 83
897 468
457 150
946 61
626 699
721 509
846 125
258 945
505 997
250 717
110 911
716 812
783 503
46 67
509 67
121 77
31 502
105 786
50 178
101 53
502 617
10 501
891 315
10 812
796 507
282 817
502 122
936 835
50 282
53 52
699 169
3 666
931 26
350 121
357 317
22 108
189 897
850 279
886 120
26 689
878 711
661 106
71 169
682 115
10 461
789 683
150 550
45 63
165 711
186 462
331 315
828 176
710 187
81 86
835 188
98 63
117 317
317 187
286 658
212 185
162 531
985 125
353 889
799 16
212 331
698 897
650 532
125 888
78 350
781 761
33 918
325 352
103 772
120 63
250 691
925 507
11 178
67 317
836 52
899 615
115 978
691 50
831 999
655 895
526 367
897 787
698 718
315 71
878 250
463 715
998 871
669 858
120 108
71 889
685 150
936 667
625 989
710 99
125 176
899 662
10 831
505 269
787 558
81 776
179 645
368 911
727 63
582 12
691 825
789 509
50 50
10 58
991 716
505 581
897 12
610 825
106 509
276 610
657 150
579 32
18 95
126 46
976 250
31 188
891 997
761 786
846 62
991 10
91 105
506 465
850 2
2 108
621 101
789 453
71 795
616 18
689 103
982 879
691 161
750 469
950 187
13 311
991 58
221 350
317 71
509 892
55 571
16 10
772 557
505 508
796 717
95 531
318 850
782 169
11 11
718 813
118 250
695 931
258 350
995 109
855 746
158 108
61 503
787 771
662 786
773 69
316 345
316 79
117 683
831 102
868 727
457 661
952 521
789 796
162 368
526 109
550 210
281 459
312 817
550 816
98 631
187 581
253 331
658 810
31 61
176 612
188 505
583 546
505 979
632 799
812 910
989 503
265 315
726 155
153 783
228 873
110 10
358 531
68 50
550 250
732 653
681 78
509 17
35 12
361 16
545 221
216 550
172 269
169 57
912 50
715 555
636 36
18 276
781 991
179 266
105 878
998 722
888 783
661 997
128 81
910 722
1 731
332 81
679 109
717 312
250 112
691 50
453 815
173 953
68 150
671 33
831 109
183 332
766 509
935 466
765 931
311 107
853 456
797 120
768 118
150 788
331 228
726 2
992 125
771 811
210 98
92 912
985 885
782 108
508 458
352 855
168 761
863 107
93 505
166 93
898 715
93 815
31 77
615 126
276 501
813 283
776 36
361 16
131 810
879 910
687 710
78 503
99 503
276 181
761 107
177 672
28 689
2 507
502 788
31 50
691 50
157 125
777 531
935 767
50 857
678 322
999 788
858 750
509 683
101 991
910 228
333 78
102 215
818 165
891 953
987 699
50 179
11 710
278 699
91 179
631 363
461 781
112 831
118 681
110 105
725 812
271 150
31 910
789 898
112 92
468 112
33 501
113 878
787 521
817 63
126 210
312 110
11 78
215 72
631 225
131 587
183 950
769 689
972 821
169 120
931 505
10 501
712 103
778 10
769 101
717 13
278 1
1 982
463 127
978 789
810 357
69 865
691 971
699 163
950 131
971 277
985 689
686 66
891 105
101 985
779 506
2 128
161 176
217 178
109 350
163 899
18 503
53 865
1 773
210 811
769 13
66 53
50 750
211 772
895 91
579 683
810 501
509 571
68 945
153 10
13 878
645 827
773 836
662 183
103 2
769 278
998 661
11 953
110 177
610 501
953 336
2 121
632 885
115 72
683 771
666 158
78 250
1 678
155 688
279 691
252 769
91 881
589 162
792 327
71 509
77 910
179 11
31 369
83 503
121 950
835 169
896 466
999 128
783 528
72 628
610 507
78 276
957 358
1 589
165 357
12 891
83 181
2 877
78 978
61 502
127 81
750 21
798 165
525 986
995 277
11 212
995 986
11 171
999 689
716 663
616 818
721 99
503 318
887 509
318 18
227 31
16 501
155 210
503 112
18 503
31 509
666 991
33 121
101 128
178 766
507 895
108 685
81 15
110 355
892 273
558 186
889 22
3 631
331 158
712 918
312 699
505 581
91 896
183 258
921 989
73 250
669 873
586 162
501 369
726 122
463 127
733 469
681 178
173 311
466 105
721 781
117 281
699 118
171 76
626 825
887 950
921 872
525 588
228 459
571 869
550 698
81 832
610 113
991 79
155 881
2 13
126 153
281 93
110 910
77 65
150 311
16 762
11 468
257 350
71 501
588 508
793 899
828 108
982 469
572 150
108 501
645 850
950 781
316 283
531 116
183 327
781 26
576 818
816 626
836 109
109 836
883 16
61 312
501 178
525 150
815 312
468 925
82 161
761 317
31 699
150 503
468 509
322 16
277 103
786 983
105 310
346 731
28 892
45 769
71 277
312 15
577 655
109 173
50 12
761 855
509 101
33 918
31 850
531 671
18 83
152 571
783 718
50 228
318 673
121 253
221 928
846 451
650 793
350 881
258 127
502 10
833 981
72 11
645 463
850 108
717 786
107 101
31 989
717 653
982 117
112 166
453 768
150 189
509 167
131 509
61 71
3 682
125 795
210 266
850 512
893 153
65 369
83 997
315 173
10 612
612 762
36 181
279 10
3 887
503 131
765 85
109 187
183 868
781 161
310 210
181 936
910 858
61 317
451 50
451 861
150 458
78 83
459 15
369 503
681 710
762 509
650 791
76 1
822 650
715 531
577 315
855 782
846 81
171 163
711 279
13 782
126 850
312 126
112 882
522 666
509 83
682 127
28 932
110 699
93 573
181 861
176 167
1 3
509 12
931 872
686 210
631 993
769 891
503 636
781 655
957 999
509 999
999 366
71 112
103 855
16 950
116 865
53 911
689 997
781 33
158 120
731 611
107 85
506 50
115 699
28 91
699 692
876 815
210 899
108 212
101 972
126 810
212 25
50 810
113 216
696 13
183 882
521 827
988 186
50 278
101 182
698 169
101 11
108 169
502 118
78 316
88 315
991 187
501 586
181 331
120 73
110 10
85 33
669 13
69 950
127 535
66 689
503 50
788 793
121 181
250 931
158 71
793 772
689 368
82 996
767 169
687 278
725 361
787 585
888 506
501 828
161 765
18 316
10 11
211 186
953 93
361 509
652 958
850 350
310 662
731 101
546 32
776 313
182 610
985 317
2 978
582 922
710 365
61 950
101 972
250 699
350 451
509 278
467 101
502 991
502 318
507 178
507 366
899 128
369 465
110 187
872 179
102 46
557 918
189 650
881 782
81 272
750 986
673 835
50 188
227 785
173 93
745 612
310 186
695 646
550 822
986 509
898 610
172 189
73 50
721 31
101 718
352 750
545 778
716 545
715 863
891 352
773 893
501 117
732 766
315 268
635 157
571 850
811 355
991 82
731 508
109 150
506 182
46 998
83 816
782 983
133 15
821 501
507 683
535 899
31 115
1 177
150 789
71 817
715 132
252 358
645 317
71 13
850 15
321 109
281 15
557 101
89 328
532 350
721 167
731 73
128 10
107 816
462 91
717 876
31 250
127 171
687 799
133 332
311 676
50 536
668 786
17 101
898 112
531 846
850 662
281 145
71 457
2 810
167 31
788 578
981 257
32 312
789 797
289 466
867 508
785 171
211 112
978 787
769 883
897 310
350 112
10 163
311 50
278 581
102 789
778 899
978 910
713 315
316 896
899 179
150 468
357 796
45 153
322 31
81 502
321 797
717 350
317 506
11 833
21 669
46 689
1 699
182 610
972 796
310 185
817 913
150 227
532 508
810 932
501 313
276 13
912 831
109 211
91 115
628 791
689 227
189 101
120 311
210 767
531 36
726 451
698 817
61 717
313 222
911 871
798 22
657 176
508 717
583 333
157 503
931 899
28 635
612 217
217 931
101 712
773 181
610 93
315 178
878 78
862 508
850 879
921 711
109 31
616 789
893 821
506 31
77 611
31 763
350 686
66 506
577 816
10 505
135 250
945 831
521 508
456 318
110 326
891 673
810 69
311 727
212 118
250 815
345 16
150 252
503 312
699 677
331 866
622 55
786 850
128 467
876 682
887 945
787 535
932 845
163 897
531 855
171 682
68 788
508 366
76 628
363 778
558 661
881 46
507 125
18 779
509 899
509 221
850 71
10 882
911 689
101 178
691 533
178 888
850 716
710 531
531 676
789 178
73 215
911 578
312 153
501 32
462 501
28 86
91 216
88 115
691 893
187 131
71 798
787 452
52 781
686 86
131 531
509 168
33 711
571 508
691 1
912 973
589 335
988 822
168 632
31 869
696 153
121 102
150 653
178 579
731 750
971 503
507 831
350 622
212 155
458 581
733 316
509 509
150 699
950 81
226 668
78 769
950 83
692 781
189 366
769 118
189 78
772 178
17 876
12 289
816 878
921 109
668 250
509 527
11 985
768 665
109 105
131 216
831 788
868 918
71 502
68 676
695 267
161 981
786 788
178 131
871 12
185 883
177 621
869 35
509 250
120 152
108 13
459 931
452 87
13 112
691 576
850 45
991 285
676 645
509 183
150 33
172 503
786 31
357 858
999 865
178 891
769 85
11 762
13 873
761 13
610 891
577 228
31 31
911 509
13 11
273 726
210 698
331 173
503 50
178 576
611 313
112 107
501 989
145 627
157 369
250 935
110 125
931 128
132 910
102 276
55 621
11 931
362 869
269 610
578 108
126 316
989 889
32 120
581 346
509 107
157 812
150 683
288 971
785 250
625 109
917 183
17 688
367 10
867 979
277 505
81 181
650 168
871 17
810 182
505 152
466 288
572 815
771 897
165 86
101 509
13 101
781 552
176 669
57 521
573 512
711 999
61 31
573 718
50 50
103 631
501 2
332 979
610 501
101 136
582 350
469 887
891 311
106 116
869 171
13 506
876 715
999 850
109 978
120 32
788 118
976 782
106 985
502 18
815 273
453 176
145 10
898 99
117 16
368 178
850 189
288 987
167 135
266 15
469 102
501 506
501 1
979 725
353 502
889 978
817 971
469 89
87 118
116 646
797 73
169 15
188 112
1 267
168 126
216 822
115 225
118 550
813 18
457 503
73 679
522 86
921 857
168 746
102 78
187 46
878 152
785 985
128 172
677 11
507 173
788 668
782 785
125 181
955 682
673 509
33 895
33 817
91 576
545 501
93 172
57 282
221 912
16 127
891 831
881 31
50 892
69 681
810 535
276 509
91 15
850 12
887 115
850 10
610 73
57 791
816 12
1 109
77 112
310 650
105 783
818 189
736 812
350 653
891 33
369 501
2 107
769 31
81 886
50 16
898 26
950 95
892 33
189 771
825 163
783 768
181 508
350 18
950 166
850 285
509 531
218 363
616 769
131 891
50 586
10 765
16 506
978 31
505 762
778 688
813 288
186 661
502 681
509 185
946 366
33 68
171 868
10 15
501 168
289 183
625 46
69 746
108 131
957 103
136 178
282 831
618 869
50 631
869 362
795 850
673 67
53 168
368 877
250 225
950 17
150 10
81 615
501 781
509 799
610 261
735 63
552 509
503 509
578 102
788 127
973 271
583 910
225 18
950 181
936 826
311 128
991 15
181 998
271 33
788 571
736 71
117 158
112 689
155 176
716 210
781 821
158 13
895 115
545 781
76 717
93 18
552 999
77 117
121 71
107 61
810 331
535 99
350 15
527 153
897 997
733 333
817 85
185 872
361 727
171 211
318 150
505 310
687 46
872 189
917 550
179 998
367 995
683 855
799 101
289 187
991 721
718 781
176 589
508 169
97 995
745 350
558 788
178 311
717 181
898 683
176 528
991 332
952 313
101 55
187 895
816 91
188 665
33 635
766 731
618 895
110 279
216 876
357 689
150 457
58 187
107 250
153 812
698 688
506 101
250 1
717 996
358 509
465 250
789 312
316 350
283 957
799 452
576 997
668 502
698 101
161 916
867 278
858 521
811 128
685 18
108 32
791 118
106 991
189 671
327 227
883 710
506 11
106 32
173 283
176 791
172 789
79 503
791 782
211 762
321 182
179 771
850 31
550 316
212 699
127 33
467 102
688 501
677 120
78 83
699 131
365 168
102 779
657 82
91 891
101 507
578 950
587 692
531 45
109 971
127 101
727 931
711 828
333 945
176 93
168 685
31 262
991 509
135 871
183 2
68 127
178 188
650 689
888 955
369 110
331 501
816 211
131 1
211 912
636 78
679 106
769 995
821 355
169 917
617 46
726 550
178 812
121 50
212 128
65 950
715 22
699 286
981 772
2 105
322 650
222 888
102 589
31 918
81 610
118 581
625 886
928 502
181 126
857 509
317 108
871 171
76 150
316 622
897 553
53 866
357 731
101 250
91 33
553 501
678 110
558 165
350 458
826 18
252 501
315 2
891 350
128 781
995 216
527 945
350 178
71 917
850 81
571 725
11 106
950 110
36 818