8560
4 560 533
332 952 270
856 290 353
526 669 229
507 682 205
22 602 683
657 995 209
397 750 337
570 95 990
583 225 525
727 58 202
807 508 1
12 220 535
525 200 850
388 60 358
993 48 583
376 229 560
22 289 592
4 775 852
925 729 81
252 622 21
18 528 99
52 595 356
520 335 757
235 865 995
936 525 792
95 982 222
239 362 295
520 723 1
857 837 49
759 4 858
359 522 46
86 256 272
45 236 64
42 258 997
259 4 725
972 579 270
25 538 793
309 650 51
760 970 629
620 40 236
1 23 82
656 302 52
4 236 857
74 562 82
656 952 699
593 825 567
292 997 220
66 257 802
570 826 952
32 369 528
968 725 235
57 636 588
292 229 275
596 723 225
897 508 657
353 506 52
722 48 232
568 327 286
223 10 228
382 257 602
756 89 525
897 239 585
84 21 15
24 527 10
772 86 926
579 282 92
16 222 39
40 38 49
775 937 958
723 92 979
659 31 286
225 572 525
285 13 12
688 56 94
253 889 567
535 666 21
782 899 825
383 20 602
40 777 277
650 560 936
692 31 579
47 398 609
526 32 1
525 268 223
275 322 562
853 296 23
868 322 822
830 835 597
262 1 250
46 32 223
202 89 526
237 28 85
978 833 975
859 338 762
24 925 85
608 527 590
17 825 51
720 80 232
596 592 43
252 326 15
390 920 538
522 650 256
520 582 653
935 929 51
583 323 895
836 282 265
277 702 697
826 806 22
226 35 753
61 15 853
285 320 308
656 822 592
293 82 352
752 277 566
68 522 42
52 695 326
203 94 299
526 779 905
79 676 57
357 575 823
50 627 46
94 266 507
376 536 637
522 48 933
222 29 532
757 820 962
969 722 680
607 635 895
52 772 289
21 226 276
632 4 295
589 830 226
597 258 220
623 605 379
250 928 232
45 885 82
80 372 593
302 260 226
506 975 667
530 623 39
226 502 598
793 565 12
796 282 238
533 957 695
622 233 757
272 525 52
1 656 385
75 25 357
507 580 925
293 508 266
838 620 758
50 868 525
960 322 576
986 13 722
597 40 827
593 907 905
362 227 327
595 886 266
1 920 627
35 939 680
45 74 298
782 45 92
625 323 693
958 602 229
822 505 827
609 980 64
228 53 502
750 252 380
856 596 277
332 600 782
368 253 576
929 30 80
658 980 863
227 265 652
64 385 86
822 525 935
666 782 777
950 598 17
505 323 937
269 829 238
650 258 15
725 779 525
900 265 525
586 932 607
500 502 225
962 32 582
353 723 24
858 509 22
507 568 672
228 59 627
232 237 250
327 35 327
377 522 852
525 225 265
237 1 753
578 832 74
28 968 763
350 52 528
857 603 75
593 922 225
765 586 363
507 688 96
930 83 675
503 279 826
926 869 46
250 225 35
585 537 283
785 226 38
539 925 61
525 395 17
5 45 770
12 537 239
507 595 822
84 253 975
682 923 282
325 265 768
767 43 390
226 803 367
995 205 627
666 523 626
57 320 925
697 28 332
81 289 230
296 1 84
532 253 882
802 1 376
505 202 989
10 722 395
398 775 869
958 252 292
688 84 563
252 695 983
67 269 17
322 275 15
776 352 42
99 225 250
797 663 576
789 502 45
978 856 29
525 708 5
42 622 663
220 862 48
233 59 993
258 292 43
595 266 526
52 278 953
45 805 589
563 977 62
570 252 535
767 603 356
330 722 572
968 17 702
852 653 905
282 31 322
585 836 900
999 325 882
51 325 729
992 572 806
982 596 686
952 32 579
976 208 728
867 265 758
958 252 40
823 228 992
21 683 639
28 909 527
205 537 507
775 862 382
760 84 267
223 252 520
666 775 522
23 829 922
657 862 220
223 379 975
275 222 528
769 722 782
25 528 10
329 526 866
697 925 225
29 225 968
963 599 24
26 502 239
750 265 229
47 267 528
325 660 962
205 895 688
657 820 758
252 396 26
51 593 563
268 12 920
959 16 965
572 836 258
385 27 68
769 592 95
752 822 33
352 252 295
752 758 503
26 64 45
292 395 676
535 292 752
53 268 660
258 297 226
393 275 663
323 750 682
762 790 372
42 379 952
766 380 722
64 709 226
639 825 985
565 598 775
993 753 226
25 682 522
629 362 628
956 636 45
570 84 46
986 279 209
47 229 805
325 666 64
757 295 602
765 207 703
207 937 382
71 939 505
45 902 523
835 890 24
600 978 893
588 208 280
822 285 525
202 662 923
830 64 576
293 89 523
222 899 793
527 756 98
637 963 750
863 525 962
680 25 682
18 523 205
253 21 585
74 22 42
353 575 45
333 292 46
250 205 859
823 35 777
527 252 622
25 628 502
382 45 42
282 922 597
662 232 258
767 71 1
632 580 10
259 897 637
682 65 566
529 29 826
92 337 225
67 952 576
859 720 835
885 225 53
28 752 972
825 385 526
80 937 765
529 828 769
523 47 375
282 953 868
509 593 529
535 882 275
27 350 858
51 578 227
22 228 802
272 229 820
980 295 522
392 758 269
835 656 605
365 292 570
696 52 528
506 52 808
792 256 285
88 61 532
79 366 533
592 207 29
902 695 263
692 49 252
530 572 990
763 397 75
725 723 659
48 977 533
928 21 385
56 209 15
766 827 562
229 952 57
389 996 925
602 203 999
235 578 859
995 905 52
306 632 527
386 625 4
45 222 723
15 992 679
252 328 629
99 322 930
569 24 885
202 71 650
71 602 762
727 233 69
77 200 222
58 569 600
202 13 308
202 236 576
372 322 505
522 296 12
229 658 632
662 528 62
225 772 56
538 327 822
972 392 633
629 563 537
709 959 337
652 529 893
209 893 275
252 205 307
228 725 230
56 64 526
608 225 325
526 527 252
838 523 350
539 632 72
959 399 50
222 672 572
758 960 49
335 907 506
365 60 625
295 633 592
25 989 207
565 12 202
94 588 252
675 578 850
920 526 939
226 657 705
74 596 13
42 656 60
295 84 502
668 529 16
757 530 392
388 282 308
565 200 880
885 560 928
257 1 280
598 338 626
237 822 892
206 765 45
79 209 503
856 590 638
667 17 565
22 369 528
585 525 21
25 807 256
289 675 579
45 936 603
277 586 667
539 72 24
857 225 568
526 252 376
599 333 259
206 626 523
320 836 988
370 358 228
502 978 659
852 925 950
309 208 560
305 560 49
992 925 75
81 295 829
632 47 15
829 525 57
43 94 525
856 228 386
67 24 596
535 327 685
886 225 537
356 729 225
629 325 263
250 322 690
282 222 81
533 885 576
793 677 925
762 238 650
369 285 358
303 333 84
572 928 670
206 979 658
24 286 24
539 570 753
263 16 772
390 522 678
527 729 60
725 525 896
692 31 74
525 705 382
233 629 632
885 265 595
235 622 660
285 4 920
259 769 958
332 967 579
74 45 228
983 67 702
622 57 289
282 205 585
863 803 667
226 322 883
786 865 527
98 756 592
297 62 525
526 265 320
579 699 905
372 860 652
31 920 603
866 45 526
576 825 893
727 753 305
339 757 925
205 772 336
729 4 925
82 223 525
256 685 397
627 667 237
623 72 565
700 538 822
502 792 21
575 82 500
658 79 385
753 220 48
360 597 822
760 80 529
42 376 28
620 269 702
282 577 40
277 982 235
657 565 885
529 263 775
985 579 527
74 983 560
40 622 832
15 826 257
267 525 623
723 266 45
262 782 853
789 652 922
52 626 920
727 202 527
232 966 672
868 502 305
21 729 353
352 938 239
78 675 527
896 776 835
520 708 24
237 17 828
808 765 99
74 297 20
897 232 666
852 285 368
505 379 906
45 506 12
205 802 625
503 809 33
592 935 74
202 365 528
385 709 209
626 226 837
277 595 257
51 920 580
252 385 43
238 952 12
94 502 63
572 200 320
266 985 782
202 235 526
525 867 702
832 625 252
538 959 962
223 75 235
270 520 997
295 235 46
767 905 952
852 637 786
272 29 69
26 892 306
525 772 853
725 333 17
383 237 257
253 21 775
706 653 52
593 365 636
295 262 21
229 12 639
667 258 1
222 995 45
926 982 827
953 65 325
763 565 372
42 22 859
225 936 503
239 538 356
252 950 583
18 782 520
220 325 367
237 396 832
295 933 535
508 74 975
292 638 700
398 520 590
256 47 51
24 575 293
262 862 576
535 74 79
726 297 272
923 756 856
767 950 253
590 50 623
972 89 229
575 256 277
46 635 503
762 689 59
790 329 91
322 905 232
626 230 562
692 525 75
720 562 63
585 682 269
509 823 835
356 79 28
925 526 727
635 622 45
56 950 1
270 325 858
762 90 825
367 685 202
922 24 40
705 900 533
222 829 24
757 382 75
529 560 585
74 962 977
263 227 16
202 967 922
290 765 766
575 252 856
230 586 762
283 238 669
362 5 780
727 532 957
269 389 677
50 939 46
575 227 925
53 298 628
202 506 969
262 500 563
29 330 272
279 220 4
783 230 64
53 589 897
250 220 232
43 590 282
886 205 5
29 71 99
24 725 880
925 825 672
782 84 64
38 353 532
327 74 52
759 809 72
592 662 323
239 962 692
74 590 18
862 93 669
285 752 722
792 569 597
825 228 325
352 603 576
42 629 52
856 572 503
12 509 42
252 522 563
869 827 723
207 852 595
792 566 629
682 272 24
258 25 298
977 270 528
572 220 530
952 282 626
925 229 575
535 865 698
530 966 820
790 24 71
775 308 866
64 53 206
572 535 92
31 48 229
326 503 723
42 837 789
84 670 225
47 750 84
259 235 46
292 533 576
927 620 952
720 567 397
566 706 270
322 777 232
98 995 602
708 229 202
586 226 885
895 933 58
865 257 809
202 285 630
266 672 260
522 365 970
532 229 595
569 956 395
580 722 977
27 236 869
277 228 603
620 880 503
626 236 46
882 265 292
525 68 535
565 722 980
280 236 852
630 562 920
36 620 566
928 18 772
805 652 362
827 636 539
222 522 580
885 830 328
297 626 520
282 722 590
353 95 782
5 252 570
966 292 925
365 49 265
503 28 220
585 857 51
596 676 505
527 360 35
95 996 867
356 522 598
695 826 575
236 788 322
665 568 4
82 520 289
91 225 66
572 765 925
16 15 772
25 285 529
962 257 927
597 976 353
207 52 523
579 225 565
325 72 977
42 792 292
360 922 825
272 752 677
229 520 768
375 537 40
838 859 80
220 670 42
292 589 388
962 21 258
728 833 256
269 86 536
279 923 59
596 692 672
566 532 768
46 10 785
927 575 31
993 257 822
233 589 59
836 370 268
589 567 27
653 720 896
859 1 262
797 392 622
270 595 607
522 40 203
829 20 200
595 999 253
972 64 379
46 859 1
237 522 535
962 45 908
250 365 95
295 89 759
200 290 57
82 862 525
795 709 389
326 362 580
49 677 753
45 288 13
325 996 628
390 635 24
222 207 32
526 767 583
398 563 236
259 959 920
560 253 685
280 25 78
252 976 235
795 923 769
266 4 967
260 299 532
228 629 859
752 528 335
502 520 71
539 563 656
525 42 38
503 265 566
225 323 825
657 250 766
74 43 889
702 562 597
590 200 505
563 723 42
907 529 572
929 257 272
74 252 852
668 786 68
635 505 360
957 520 51
503 729 576
700 582 42
790 338 639
325 725 790
900 56 896
865 90 507
222 675 42
22 203 522
223 88 49
963 262 585
27 306 759
833 42 895
575 622 793
205 290 752
12 932 570
97 882 265
850 800 982
822 292 74
362 799 762
586 838 830
770 920 900
659 18 620
822 64 94
722 94 269
698 22 866
17 592 270
633 505 327
45 882 28
237 209 25
758 299 385
665 677 302
370 595 862
538 775 368
586 305 923
239 925 526
982 235 722
753 977 572
636 272 272
622 598 935
523 209 275
303 42 703
653 507 797
775 93 393
250 502 700
820 94 81
563 682 952
253 327 685
539 10 265
376 299 84
775 560 995
359 298 852
590 562 22
230 385 225
256 722 302
696 322 766
623 302 905
292 325 595
977 42 580
509 239 666
369 24 388
505 935 825
678 202 280
359 883 528
250 605 527
35 765 939
24 929 527
23 593 685
627 525 286
293 265 653
585 80 81
978 43 18
672 522 968
862 60 597
268 852 22
666 692 768
200 53 590
656 4 503
380 37 262
623 957 27
660 895 966
672 16 227
357 222 670
822 262 529
64 277 729
965 326 782
15 230 302
53 229 725
320 74 985
76 1 37
759 592 237
399 750 16
295 40 869
652 632 28
562 800 207
97 53 770
236 388 629
292 638 223
325 752 64
897 29 923
725 667 898
268 297 263
997 47 528
908 502 93
372 893 23
572 950 282
686 252 653
593 285 259
598 82 24
48 50 808
64 723 725
935 282 620
268 660 905
206 372 84
282 629 357
326 86 505
522 853 596
957 322 990
769 250 227
95 802 822
337 30 726
785 43 782
43 930 275
520 725 328
765 322 565
572 905 38
822 778 85
43 575 989
259 223 258
932 830 502
725 24 252
97 286 985
282 635 335
43 575 530
263 71 293
927 529 658
726 895 385
796 672 5
30 75 296
229 58 620
926 43 826
285 577 828
656 306 652
62 40 588
89 302 325
836 852 625
23 580 43
506 958 17
869 39 583
278 56 620
902 965 952
752 867 332
527 500 325
270 40 64
686 568 88
979 326 536
17 957 368
927 598 25
529 332 622
295 625 222
832 969 667
785 785 295
623 885 595
520 59 45
223 962 525
758 933 532
960 24 326
523 529 229
97 392 706
790 232 358
789 93 258
84 208 50
98 238 800
566 958 59
539 626 286
265 15 22
67 526 867
953 327 588
226 33 609
859 857 765
1 4 727
822 226 352
227 49 586
883 230 72
258 293 272
852 702 632
538 62 993
21 752 602
506 386 77
896 572 320
703 568 222
296 786 49
568 786 856
853 265 226
43 992 223
36 782 15
589 45 269
852 235 22
932 46 23
24 48 223
752 322 632
585 535 680
702 560 822
31 84 527
638 963 722
502 72 992
527 895 200
320 800 560
880 85 633
566 520 883
595 567 352
572 927 935
786 396 226
22 805 12
628 803 769
64 328 302
902 295 622
223 683 522
928 928 84
385 577 722
523 596 253
832 52 332
959 36 94
790 963 392
292 252 222
825 785 52
676 956 857
850 752 527
525 280 57
757 279 85
209 257 572
692 228 920
725 252 223
835 286 900
228 662 798
23 890 626
362 728 228
526 206 602
520 935 579
276 589 580
952 305 899
725 61 562
857 43 358
222 235 722
526 972 536
699 608 299
357 769 272
900 270 582
579 258 18
758 592 625
74 322 905
757 669 72
936 938 35
295 606 885
785 235 672
728 629 992
1 389 502
357 74 722
500 43 990
302 823 900
852 22 222
520 700 206
835 228 626
695 257 995
13 595 22
528 532 252
789 576 659
62 722 222
965 886 72
297 982 38
500 237 562
722 232 265
785 233 820
835 51 275
525 15 680
12 606 902
37 5 865
250 583 993
689 225 292
765 959 939
599 503 250
256 928 74
500 527 239
582 24 502
292 705 25
926 620 853
685 306 525
680 523 258
338 252 865
24 537 303
46 282 800
42 562 96
256 908 353
620 775 359
357 335 723
796 21 24
927 339 275
275 357 205
528 853 45
285 388 336
759 72 895
50 47 379
93 699 322
265 267 698
398 528 822
335 580 589
838 21 1
259 49 233
322 593 728
292 272 232
229 74 767
253 227 529
85 802 288
935 770 532
282 999 222
64 590 788
958 926 62
80 28 979
205 90 839
576 229 529
506 962 27
676 828 599
202 993 259
758 839 527
965 752 565
230 506 202
397 296 720
64 225 12
992 46 503
722 675 575
64 695 952
653 508 776
822 222 252
853 535 827
572 72 227
525 957 562
262 265 990
43 678 64
522 307 222
250 833 620
527 222 952
539 33 95
892 256 280
38 953 837
1 375 235
84 825 207
759 89 296
252 522 995
857 71 386
279 537 16
252 902 363
17 832 507
965 590 826
205 590 933
203 725 49
74 905 535
253 205 566
788 393 828
595 352 28
275 505 265
590 336 28
586 235 862
272 253 595
729 268 228
825 759 920
31 45 572
953 535 353
94 24 502
322 236 539
666 976 42
778 922 507
71 598 239
64 57 695
227 62 323
530 752 95
222 850 778
65 576 94
725 267 84
52 588 18
536 627 24
958 22 85
279 228 676
94 700 958
84 896 203
252 21 75
592 637 262
695 778 45
888 650 598
305 1 269
757 995 283
885 46 720
88 993 31
47 535 89
689 890 722
972 902 852
992 625 522
98 59 520
570 862 27
265 606 685
928 220 253
890 657 252
562 275 339
686 529 289
85 275 282
57 46 928
809 852 339
1 309 279
972 852 532
94 399 269
506 275 71
325 752 725
376 697 788
522 752 760
42 920 257
720 295 795
850 200 568
225 42 795
45 93 24
258 505 769
1 250 765
48 253 627
24 67 726
707 82 582
12 937 272
299 303 325
729 578 206
668 239 568
208 66 827
40 280 585
723 266 869
586 629 385
530 57 278
525 15 562
322 658 227
859 582 865
725 397 796
662 70 728
305 226 43
520 825 94
658 267 5
693 960 339
608 665 702
682 275 726
74 959 49
356 785 220
292 258 525
585 650 227
668 666 52
672 285 922
952 265 682
905 722 866
689 258 320
207 285 530
525 590 59
690 725 10
965 602 627
982 320 10
852 270 835
393 329 21
757 788 985
205 595 328
382 623 272
922 602 338
228 520 678
392 222 565
528 350 779
965 769 952
252 890 49
18 725 535
205 982 956
752 397 759
806 367 252
669 992 252
277 62 358
895 46 269
15 852 220
966 660 565
42 607 685
70 835 269
692 10 308
682 636 353
538 907 902
966 635 593
256 835 227
366 753 588
622 795 532
759 239 829
47 859 10
950 227 323
1 40 998
750 582 388
752 565 953
692 772 595
532 765 577
509 230 525
352 327 28
975 51 27
660 62 528
257 279 306
222 282 758
775 27 24
1 523 858
753 568 46
882 833 637
562 627 882
47 953 682
505 532 509
929 775 995
260 995 567
95 962 385
586 632 720
582 263 560
12 572 40
252 857 84
227 278 537
520 230 97
992 692 902
23 957 607
880 49 353
753 12 288
922 45 720
705 393 322
759 580 350
623 928 225
598 309 972
760 58 582
822 250 520
709 24 329
91 835 45
46 322 527
599 259 525
17 52 25
680 262 47
64 652 566
959 509 4
623 520 506
323 882 932
537 322 757
223 12 563
338 92 720
585 985 522
39 42 927
379 652 800
40 585 89
297 528 237
58 805 578
688 762 220
982 226 81
22 680 49
297 61 258
298 560 572
535 92 40
13 526 568
49 72 757
679 929 793
509 635 752
253 588 70
22 328 588
530 302 537
652 506 658
356 71 92
260 65 232
995 839 605
926 585 309
880 269 13
572 395 579
52 48 628
98 200 950
282 572 528
72 326 689
45 893 258
61 750 359
565 282 635
707 72 588
886 602 39
925 727 280
936 222 925
263 757 266
252 720 608
91 862 722
776 625 977
298 958 286
722 939 389
32 932 388
502 888 925
4 595 5
64 790 256
995 256 43
332 45 252
285 59 250
24 926 953
865 860 47
67 956 74
84 92 780
593 356 658
995 522 852
288 28 66
228 595 562
232 85 752
935 529 865
778 48 50
565 658 623
927 233 220
45 538 395
668 926 800
582 259 292
925 46 209
752 696 74
42 997 232
390 753 297
26 720 323
526 328 598
265 47 63
858 765 625
64 84 509
590 49 775
352 727 958
227 94 999
366 277 356
298 620 259
202 232 590
1 925 862
32 572 869
527 606 46
952 976 64
395 525 24
289 367 852
756 929 75
863 567 42
798 58 953
209 779 32
956 4 257
235 696 896
808 600 988
505 979 226
952 529 250
232 46 579
520 569 822
527 42 569
388 21 722
525 826 222
932 329 535
623 30 630
369 27 938
628 757 84
22 722 89
538 506 228
362 528 956
5 665 22
579 95 239
600 90 233
789 857 503
226 71 862
62 860 976
728 727 505
24 768 256
562 222 932
24 592 562
228 58 688
779 679 898
525 295 700
695 369 560
808 63 766
827 325 46
825 992 17
85 576 320
965 829 36
882 600 25
338 359 283
238 782 80
338 902 226
395 48 763
563 235 605
203 322 922
95 226 659
237 15 662
588 827 563
253 305 925
52 225 699
700 809 582
797 566 329
209 529 250
920 272 10
923 389 803
835 62 263
353 52 963
609 722 72
275 509 683
527 207 505
566 252 623
527 378 692
763 505 83
388 258 276
523 980 1
992 695 232
95 703 883
605 523 650
758 680 45
393 859 852
623 367 226
226 756 632
889 500 35
880 256 680
508 722 905
39 657 885
822 253 583
962 520 225
936 24 223
520 31 860
52 64 523
239 82 268
45 625 15
726 64 52
252 535 726
883 527 250
925 272 53
826 977 905
49 862 950
286 50 578
925 225 950
385 852 623
768 965 222
263 529 567
18 275 48
202 702 956
529 91 52
286 582 24
889 763 605
603 697 232
265 223 980
520 326 922
539 570 592
599 82 775
652 707 88
688 722 505
927 40 768
92 320 522
578 382 633
357 523 258
899 822 625
51 932 200
775 389 526
820 909 256
522 675 575
25 625 700
659 588 725
322 635 222
765 278 20
582 568 53
856 322 697
828 285 565
503 893 329
722 835 586
722 682 935
276 568 726
13 29 365
965 595 565
939 70 222
685 765 756
536 656 752
703 333 857
937 857 782
836 45 577
265 572 723
62 356 225
799 257 1
292 385 233
13 299 522
722 16 529
827 28 505
856 672 852
977 985 295
593 683 620
666 385 48
206 285 579
527 522 272
756 332 12
92 585 756
725 385 923
699 859 299
622 256 232
595 588 72
662 289 507
45 793 966
74 202 667
927 775 56
328 302 205
882 52 885
925 42 322
220 75 858
92 572 42
503 62 532
596 623 270
588 35 503
327 695 628
259 48 725
827 562 208
658 500 43
677 883 952
393 759 290
696 239 726
295 836 45
928 4 825
897 989 396
256 632 40
352 223 959
525 365 43
258 525 886
929 568 802
362 84 278
703 605 575
282 47 752
825 305 665
789 792 292
27 920 576
383 508 780
538 358 276
266 885 572
359 882 525
662 525 21
593 58 725
293 262 997
267 570 265
25 575 290
84 209 320
595 603 45
962 253 300
21 51 799
632 790 896
298 758 628
526 707 856
579 523 46
753 895 339
726 572 562
722 353 328
24 932 758
285 390 358
330 507 526
250 329 636
12 899 622
65 639 695
358 207 577
863 758 359
527 1 232
42 42 672
623 808 529
575 502 252
275 902 765
223 699 525
723 720 205
29 280 950
509 652 325
359 508 235
325 225 332
228 22 220
203 94 938
237 959 368
277 522 889
928 383 82
386 226 529
298 602 527
93 888 207
567 322 35
69 860 957
882 576 505
575 893 24
863 48 503
892 253 689
365 752 662
629 279 953
286 857 26
282 782 998
26 4 963
902 283 295
789 836 929
580 520 685
597 203 652
925 388 27
326 528 979
629 12 92
23 658 763
278 757 652
853 627 272
909 970 967
325 52 270
527 657 94
250 56 42
220 520 536
838 859 278
206 565 356
220 566 972
16 675 207
893 629 953
238 202 722
962 352 758
652 31 256
84 259 672
560 682 62
928 500 67
565 525 562
226 858 653
705 726 376
920 203 382
507 75 722
35 48 638
859 49 583
337 505 258
599 45 222
86 367 576
309 22 533
892 20 959
723 520 295
630 572 31
837 850 302
258 84 10
866 565 988
592 852 18
329 10 992
71 590 32
625 590 729
230 682 582
539 777 296
68 652 996
598 752 528
298 67 795
575 927 226
925 282 235
52 657 997
629 295 820
382 576 252
575 232 525
956 532 379
562 80 605
752 279 327
785 660 399
976 630 957
583 995 303
20 63 572
93 956 59
823 609 225
268 603 928
630 225 678
323 605 629
262 220 277
62 202 85
265 972 298
23 708 525
222 757 702
42 279 808
578 952 827
45 72 539
926 522 302
64 775 398
775 375 232
795 582 16
275 762 50
64 5 1
64 24 220
532 24 526
229 627 46
853 930 520
820 383 708
38 727 222
229 290 597
47 64 660
50 925 51
29 680 75
692 825 85
332 602 260
252 892 272
15 21 222
670 200 830
675 227 282
32 665 45
659 202 92
94 838 505
40 585 752
260 80 782
837 853 639
869 692 82
590 56 308
523 285 16
206 958 237
632 270 906
662 902 985
303 720 38
563 4 538
825 560 535
625 709 272
228 765 882
268 35 808
88 20 630
262 528 765
768 883 37
24 828 859
279 593 853
768 63 525
320 52 638
56 685 292
362 833 859
729 322 939
709 926 23
580 533 323
57 530 327
378 567 47
33 43 983
267 570 262
62 288 17
622 992 952
256 852 929
527 590 28
588 923 29
289 279 598
690 92 750
92 762 976
697 525 703
280 307 586
920 89 898
568 590 306
24 953 582
207 932 47
265 209 46
535 626 858
777 589 292
625 335 762
64 996 52
686 395 808
975 282 17
332 865 562
677 567 26
262 49 530
522 592 262
272 857 528
753 359 40
562 536 266
252 39 25
728 678 520
305 998 1
990 49 928
726 24 45
297 369 936
695 966 202
720 352 696
632 64 503
522 203 43
995 850 956
239 328 45
928 585 528
15 226 903
37 263 21
24 330 237
64 285 29
258 839 32
605 860 295
51 31 252
47 60 578
47 379 572
829 99 625
752 225 35
570 337 222
635 21 956
839 925 965
376 507 857
970 966 257
326 858 627
208 297 62
93 622 683
339 30 47
337 889 223
569 788 326
205 529 536
285 538 993
866 522 209
64 325 359
250 305 83
670 600 568
31 699 292
27 523 46
653 502 230
302 922 263
653 797 630
597 58 95
633 852 65
999 535 350
259 85 658
656 225 620
92 253 957
858 886 322
265 43 770
399 632 252
279 62 265
320 592 620
608 84 662
20 505 598
672 523 622
365 84 50
30 12 636
963 575 959
659 606 258
822 963 999
977 309 70
277 45 306
569 659 952
705 925 600
1 575 675
577 230 628
258 85 266
882 42 765
528 686 628
922 957 237
85 603 702
64 897 698
398 29 296
30 760 279
209 269 232
982 572 226
589 759 292
823 666 976
21 532 74
922 42 528
538 568 40
686 926 858
40 220 523
957 525 279
277 329 528
589 277 762
83 94 925
762 323 30
95 270 296
667 525 682
539 272 727
31 563 976
728 956 929
857 865 525
708 579 669
50 202 575
358 886 935
658 692 239
278 525 16
288 607 658
882 276 692
527 635 979
982 530 265
759 563 535
653 15 280
856 886 94
607 963 64
592 579 525
637 693 388
202 325 982
869 12 235
263 74 569
922 286 859
963 880 280
35 522 206
952 922 263
392 565 650
662 938 895
975 563 295
35 252 200
48 856 51
703 282 357
825 508 26
56 767 526
15 300 625
802 505 585
70 790 93
897 4 669
589 42 297
795 803 356
623 292 47
225 585 723
856 27 952
339 52 202
332 833 723
626 595 239
302 763 562
265 622 820
650 25 858
656 526 997
669 965 827
62 898 1
295 70 626
529 753 252
683 762 5
209 56 802
799 235 305
592 382 880
272 795 67
976 375 17
368 522 272
853 357 765
726 43 24
656 502 48
232 585 362
726 778 230
983 84 605
222 49 522
52 71 84
202 958 22
728 295 99
860 602 295
599 259 328
42 47 24
280 84 25
250 588 222
523 279 42
265 675 269
560 526 207
385 4 592
652 59 893
285 920 828
533 905 852
650 626 699
25 702 575
825 829 276
822 308 81
536 64 938
307 253 923
296 207 96
42 832 600
67 769 220
528 666 88
325 829 280
827 24 852
629 525 69
602 857 860
675 759 523
365 239 200
42 695 857
952 350 686
539 45 252
48 385 823
286 837 84
25 13 206
575 225 357
266 72 538
225 63 21
720 572 907
725 507 5
779 962 225
785 259 522
257 635 64
998 203 259
526 526 752
898 705 582
750 925 566
752 277 823
380 525 586
532 48 570
809 723 856
238 339 562
565 225 262
358 827 627
856 860 680
765 350 328
376 533 925
320 567 520
239 202 64
820 276 856
528 330 652
5 953 825
530 329 275
663 272 622
20 828 857
822 228 772
52 232 82
656 952 756
527 33 228
606 677 578
395 262 792
205 203 560
289 302 227
703 759 602
535 685 803
33 205 725
377 398 38
302 332 762
965 329 525
505 689 283
695 330 52
27 595 658
257 250 933
46 883 952
379 363 232
363 67 10
972 25 962
522 592 357
36 45 42
228 74 765
537 565 752
267 953 820
523 675 998
865 257 367
689 258 399
929 562 598
390 582 532
5 927 535
672 72 392
976 65 726
592 857 925
602 892 853
350 229 820
290 520 205
64 282 532
850 207 45
680 588 722
220 220 822
939 352 292
72 925 602
42 525 4
502 958 522
800 578 58
653 28 250
71 592 385
677 626 42
205 228 525
279 98 506
722 950 565
706 225 759
706 830 85
865 237 359
765 978 802
658 832 729
18 858 857
625 16 902
275 950 256
352 359 256
305 526 258
869 728 372
367 922 595
85 282 250
822 288 352
232 522 24
297 905 20
667 70 539
529 97 70
586 576 98
970 56 772
74 995 607
265 869 299
58 352 369
56 776 608
339 51 259
880 792 91
91 888 36
927 372 772
47 239 91
580 205 508
64 729 978
723 227 24
226 905 31
758 337 756
766 285 323
969 665 253
622 4 765
275 577 522
5 40 622
298 225 26
699 652 599
220 352 770
276 38 683
25 292 709
332 563 898
562 790 952
695 283 4
502 909 226
836 328 528
84 322 85
320 562 27
825 205 266
12 42 706
780 383 569
925 223 362
225 526 807
378 865 58
756 798 96
885 585 258
637 23 200
707 656 997
583 290 630
627 209 295
285 763 592
229 762 809
47 562 330
24 42 595
537 908 522
265 4 282
286 975 958
52 805 256
523 83 792
57 286 505
367 988 220
526 323 85
49 965 757
862 253 366
223 802 936
889 602 1
982 50 320
832 922 522
262 21 589
936 728 585
722 60 13
950 598 809
532 290 49
522 889 229
332 990 820
592 653 396
302 662 366
972 792 835
58 298 597
965 850 990
622 290 723
85 36 270
37 938 578
727 49 837
650 509 40
593 1 237
225 40 259
230 289 596
593 952 28
298 680 798
93 328 17
562 972 928
762 585 525
783 68 822
57 61 903
935 862 522
337 89 235
236 938 720
590 45 40
652 22 638
266 253 722
20 1 12
657 707 236
295 239 975
726 290 275
938 656 932
532 359 809
269 582 36
922 585 78
852 952 752
29 930 965
676 256 709
779 625 825
18 507 575
48 282 235
962 782 4
525 562 326
286 226 228
91 802 776
233 695 98
907 657 727
68 295 93
225 40 96
76 13 522
525 278 995
595 207 939
536 595 223
797 238 829
572 627 862
590 376 222
290 583 393
858 829 283
665 372 24
525 988 1
889 757 905
233 976 36
585 305 570
776 582 606
775 52 886
720 235 575
358 13 927
350 285 202
850 508 922
629 528 265
286 225 586
28 652 46
286 569 880
94 71 728
17 507 995
692 272 592
382 539 21
43 627 307
753 223 565
529 229 723
18 580 508
665 566 21
829 669 21
572 338 575
12 377 695
74 70 793
71 920 22
93 270 982
22 13 578
289 223 658
80 256 300
889 356 208
560 525 825
528 45 667
92 220 298
272 45 1
627 22 252
525 926 857
43 670 722
4 607 529
84 272 335
49 562 508
682 505 677
74 857 385
593 862 15
575 825 926
24 336 563
365 750 757
822 570 367
675 522 16
630 352 538
772 370 538
377 726 222
13 350 64
239 975 978
257 68 729
356 296 776
290 74 94
522 395 277
31 983 888
370 829 522
563 777 768
595 56 207
923 237 965
74 527 283
1 272 74
992 753 922
788 935 959
42 685 365
21 77 276
322 783 563
48 206 25
24 56 895
12 937 61
77 696 528
222 528 305
572 598 527
950 385 206
856 257 839
950 48 823
392 602 202
997 382 626
292 386 862
253 695 822
729 537 762
829 956 903
852 238 952
765 523 43
956 226 777
669 259 890
588 652 220
795 250 565
536 672 272
585 18 766
237 379 672
393 985 235
52 77 21
757 597 95
692 299 4
222 859 63
275 51 528
565 825 362
227 206 23
678 725 60
232 69 399
533 43 24
525 759 252
35 502 925
256 957 570
708 232 575
505 589 353
220 205 828
703 575 829
225 320 350
61 263 683
599 295 265
289 862 983
297 326 723
238 565 667
786 236 21
680 352 995
76 269 272
825 4 236
662 536 796
863 262 236
756 562 397
24 529 937
289 39 995
222 522 523
207 928 968
12 570 856
968 359 48
375 220 49
632 753 25
925 636 622
538 527 299
656 895 92
309 26 622
868 680 537
228 503 272
223 233 825
17 4 272
235 12 582
266 369 235
22 230 372
660 267 925
809 568 47
222 335 825
562 850 622
575 389 239
260 727 522
67 828 585
523 997 632
222 202 253
669 300 26
535 13 392
599 662 65
525 98 985
256 752 90
580 277 759
293 958 328
24 725 952
920 776 852
266 565 51
570 33 995
398 64 502
568 12 883
698 639 252
835 527 200
75 828 858
57 22 727
527 565 225
272 868 367
596 859 979
778 222 382
275 377 832
220 525 695
209 507 267
53 895 47
379 42 586
40 47 892
822 17 296
923 59 22
656 529 897
252 857 48
665 232 207
327 522 362
225 40 685
979 230 672
526 865 389
257 692 528
67 952 22
61 359 885
967 972 42
52 353 670
522 529 69
262 725 529
222 829 907
208 83 985
959 572 208
908 726 1
206 952 359
525 1 296
275 727 502
629 24 529
305 25 580
692 262 956
928 932 527
64 829 235
585 362 64
926 793 353
593 708 48
520 923 392
533 577 652
522 352 632
235 599 4
799 975 837
22 669 395
26 207 237
278 567 61
582 292 720
750 935 256
968 328 25
962 938 672
965 605 672
352 760 635
752 923 985
358 853 853
858 632 795
677 527 750
825 297 722
58 658 927
529 239 209
289 563 752
728 275 896
250 286 625
760 209 24
579 236 226
566 532 233
502 565 98
266 590 376
393 277 539
220 582 538
252 952 575
253 296 525
597 568 225
80 897 522
528 72 302
49 81 392
282 30 982
900 332 27
250 357 665
852 307 502
929 339 386
637 302 505
759 899 592
778 963 978
256 275 562
229 859 592
236 49 833
699 836 382
29 358 930
862 752 665
633 905 727
80 228 500
750 25 759
595 722 272
635 27 935
329 928 257
682 84 225
52 682 22
232 970 43
776 625 225
695 723 880
225 52 48
929 539 328
998 823 333
277 230 577
277 922 43
905 375 666
292 853 726
84 232 772
932 229 220
305 52 502
960 638 45
76 772 359
925 635 292
12 250 527
28 632 727
927 225 296
222 539 15
522 522 257
758 52 863
580 47 885
789 52 272
570 62 275
1 24 522
289 256 932
925 793 277
586 850 695
672 595 10
82 660 528
352 995 253
369 729 900
939 290 323
803 925 525
985 670 500
71 865 636
658 21 935
92 522 27
27 535 300
767 235 522
722 967 288
823 222 803
230 535 588
767 252 883
658 38 235
395 600 672
25 622 579
69 5 725
272 983 599
978 522 230
253 1 829
905 325 369
936 678 809
702 595 282
923 895 522
228 82 728
702 760 256
693 575 12
229 585 15
665 202 998
992 72 720
18 902 285
298 527 726
950 229 38
923 51 535
84 567 593
895 227 253
626 49 762
593 252 74
252 266 205
676 202 600
66 29 620
865 299 336
298 91 252
838 235 205
598 600 262
285 925 28
692 568 1
72 952 35
253 885 529
225 222 83
826 696 329
252 905 705
622 386 530
58 366 958
365 523 588
252 84 260
350 68 92
50 93 685
952 322 45
802 72 29
792 857 639
260 563 650
295 722 282
759 757 628
993 678 393
275 42 74
576 220 31
33 278 64
4 527 582
297 42 972
84 82 225
620 656 225
56 502 690
565 13 42
803 853 270
256 228 74
225 532 636
528 967 5
390 806 670
528 96 282
69 709 572
30 51 920
722 252 582
590 25 779
867 536 232
57 252 560
383 252 200
358 726 799
532 527 39
580 726 289
372 988 595
357 572 200
699 227 290
899 772 239
902 593 988
728 598 1
678 520 635
906 509 370
992 95 60
209 620 652
50 268 828
562 200 800
566 922 858
867 928 372
272 80 623
46 267 523
205 639 95
669 52 76
926 852 4
392 576 49
895 232 13
578 528 530
395 852 672
75 49 805
229 595 4
4 268 522
576 64 257
885 852 605
537 825 296
800 835 866
959 522 852
768 528 32
365 37 72
57 320 578
252 895 592
883 972 52
858 252 392
972 895 46
627 729 660
602 700 322
675 64 309
522 790 285
276 26 58
697 525 368
325 382 45
382 990 720
298 292 532
705 366 278
777 360 672
503 858 263
207 998 802
852 233 703
20 592 960
895 898 525
302 925 259
752 24 15
363 45 577
888 363 237
15 42 51
98 562 51
562 525 829
607 288 963
625 628 45
302 337 225
565 568 56
898 393 338
42 795 660
49 253 27
697 759 853
509 322 759
728 635 857
578 722 323
623 58 305
399 94 805
956 35 503
953 302 902
27 999 797
24 822 52
528 583 1
978 202 725
525 577 74
927 270 366
625 285 769
960 24 589
306 68 772
863 828 252
508 226 260
363 39 292
24 532 565
46 24 825
526 805 352
72 353 925
525 256 265
659 61 529
928 22 979
383 859 46
36 228 24
583 280 632
293 825 322
205 692 298
327 622 823
603 288 860
679 509 686
262 695 375
52 392 567
693 780 203
639 288 252
533 292 523
620 52 393
932 286 45
729 10 535
905 525 988
679 71 863
282 982 326
883 675 48
297 959 385
228 522 608
385 835 650
207 292 523
820 31 977
957 38 795
322 225 639
782 285 227
902 830 202
5 652 883
759 42 233
205 753 82
665 222 953
502 202 47
81 277 502
25 40 939
595 327 263
92 975 202
592 575 69
352 30 809
28 290 805
823 792 46
262 866 40
323 252 266
64 937 230
820 205 925
320 535 575
74 832 508
276 900 858
72 982 700
43 952 522
253 49 635
679 503 46
235 892 695
893 835 71
239 752 272
953 707 825
922 928 502
208 507 292
307 505 629
27 566 253
952 793 61
568 728 205
526 689 52
58 533 329
533 285 81
625 200 757
859 665 40
929 335 852
985 832 883
975 765 525
64 256 727
1 892 65
57 205 532
925 705 75
530 232 335
999 252 228
662 835 280
667 535 375
765 78 536
582 535 283
395 307 603
562 586 650
867 536 266
222 61 890
956 903 653
225 589 677
352 252 362
539 278 709
829 24 82
850 325 675
232 25 235
905 583 262
209 65 658
13 722 528
25 597 528
28 276 95
250 69 566
532 560 84
84 923 680
24 595 657
827 938 759
76 653 576
702 532 239
536 350 232
582 932 25
988 963 225
4 533 502
253 725 588
29 282 252
327 252 31
585 893 84
725 562 26
43 806 839
728 575 527
226 595 605
237 505 36
275 45 507
253 795 49
81 22 890
222 753 4
392 1 862
572 623 923
629 292 80
258 505 20
352 535 39
37 968 590
636 535 828
48 225 226
1 308 937
527 276 537
978 586 293
17 15 638
976 862 920
259 560 637
58 293 358
535 207 329
956 986 227
268 1 51
285 292 950
579 25 780
702 320 80
565 286 595
12 94 56
357 225 839
525 686 256
272 202 250
935 46 50
51 306 272
309 962 789
770 322 753
92 507 299
536 222 578
223 535 25
90 536 565
892 722 827
529 352 708
758 299 982
703 295 599
822 509 385
529 267 529
822 257 206
950 522 12
577 925 520
82 957 650
339 84 239
956 586 857
200 582 327
689 40 705
266 253 653
263 589 860
53 252 838
207 72 357
782 892 279
26 92 572
822 752 672
758 750 62
389 576 650
632 562 53
583 257 639
59 595 992
606 675 12
46 825 393
925 367 663
832 279 862
48 705 562
565 756 626
250 91 525
956 1 637
525 829 885
929 703 52
805 233 562
46 685 250
828 265 353
605 235 96
575 532 783
759 506 660
592 75 74
679 825 94
89 222 233
663 852 703
629 235 83
636 978 223
229 858 270
632 829 227
997 253 377
327 933 908
72 392 232
1 295 45
397 992 206
628 57 24
225 48 285
599 786 822
522 859 506
933 258 252
21 953 295
225 976 505
237 292 997
562 12 46
765 42 827
566 253 650
362 705 728
982 858 17
757 775 328
47 528 252
857 45 392
42 866 228
42 31 565
778 39 250
982 18 43
792 379 289
227 69 375
560 522 83
509 502 305
766 698 56
789 960 653
768 678 982
51 622 728
42 835 253
590 632 523
625 209 963
832 858 4
722 259 352
697 265 222
856 235 85
203 390 763
835 729 622
937 84 680
238 320 74
282 805 283
602 202 769
27 292 806
507 61 753
937 226 295
822 202 269
528 763 285
5 227 828
523 92 592
636 228 38
205 932 722
527 320 535
265 235 892
900 268 579
259 725 782
205 850 40
303 592 703
976 622 590
982 258 866
695 227 205
565 723 653
278 632 256
505 285 227
532 766 227
32 359 352
74 322 786
576 64 902
566 956 657
823 999 300
959 506 52
827 200 308
829 205 589
356 757 288
702 365 595
66 258 91
298 526 362
858 785 227
957 268 52
250 565 236
325 680 229
293 652 333
49 252 79
49 627 903
42 788 205
788 988 902
203 565 207
593 728 858
46 45 223
822 585 822
959 665 622
702 975 24
25 257 203
535 595 795
328 84 865
850 832 588
898 268 720
84 24 527
526 24 253
669 18 592
302 298 270
569 395 47
326 793 825
359 226 526
785 27 330
226 832 652
762 595 597
566 803 620
725 252 925
295 238 67
823 702 933
575 599 658
295 652 832
998 48 699
50 269 609
223 295 965
352 575 853
237 285 727
225 863 272
24 578 525
74 275 259
582 526 563
202 653 990
238 257 602
4 40 958
229 228 253
225 908 632
952 58 807
63 560 307
698 235 565
83 772 229
283 958 357
765 222 23
657 526 525
365 676 398
259 47 256
1 795 937
24 626 835
930 805 57
292 828 977
725 385 837
507 530 286
753 232 302
658 925 362
696 939 252
723 259 12
326 91 776
33 888 356
225 322 1
83 21 507
360 953 45
637 620 385
908 885 360
696 623 285
799 59 757
725 228 323
290 24 722
295 656 632
722 529 223
258 270 835
565 599 292
62 569 832
222 772 885
526 936 792
822 225 33
24 562 62
690 278 24
782 256 569
358 560 892
833 922 328
21 522 950
285 205 262
905 233 863
522 956 509
666 289 698
43 275 785
565 45 825
225 300 235
862 228 899
828 93 723
725 603 779
20 972 207
64 629 772
64 757 862
756 932 12
52 276 503
672 285 26
996 279 253
12 772 680
258 635 565
1 659 252
309 728 522
626 507 265
292 728 23
520 667 205
822 360 71
48 685 820
71 527 235
672 225 285
295 327 84
283 520 290
665 382 51
767 992 372
595 269 575
803 256 53
37 657 677
688 676 58
625 528 625
962 632 526
698 965 537
577 705 626
520 785 657
253 666 395
526 1 532
756 275 25
652 520 957
262 729 579
24 525 950
27 889 932
933 592 69
386 208 25
94 950 690
562 38 329
522 383 962
922 278 867
565 45 665
500 577 292
22 685 368
263 12 282
526 859 285
528 672 575
685 599 695
560 235 85
828 836 51
82 660 522
595 835 525
652 628 508
859 95 259
808 653 980
828 952 667
703 67 729
529 759 582
507 526 770
599 950 277
94 685 47
226 966 860
529 209 603
537 259 352
72 560 706
625 893 332
677 525 49
560 752 256
308 805 727
502 625 762
972 327 339
94 567 288
4 502 90
725 836 85
899 370 27
329 295 672
650 353 529
802 729 928
569 523 40
722 256 27
285 935 826
359 322 757
679 94 1
293 539 599
535 253 39
657 507 297
598 4 979
206 925 380
523 230 863
626 252 935
525 305 380
95 270 783
569 228 826
266 290 382
883 892 252
22 60 675
238 666 32
777 792 365
202 953 595
925 633 293
956 936 235
577 83 262
51 230 47
74 527 222
595 48 592
226 629 258
925 650 256
302 753 275
259 51 46
272 61 663
228 590 567
685 722 36
820 565 667
323 252 1
56 288 290
625 45 236
922 535 667
682 396 252
526 659 4
500 15 799
259 57 692
328 272 802
268 529 329
502 338 46
892 895 297
289 696 663
302 936 796
295 997 253
632 867 722
507 985 722
46 72 49
272 572 258
922 500 60
958 925 22
53 24 695
272 26 48
257 502 902
335 795 529
227 352 259
302 352 582
302 228 325
392 48 625
237 333 672
523 358 590
379 522 42
865 575 797
60 535 532
528 922 905
575 785 13
75 995 860
708 938 70
223 327 62
295 229 639
263 80 936
36 909 656
509 925 53
763 808 752
383 228 322
763 782 382
290 959 525
838 770 322
265 935 15
352 48 600
84 690 239
785 675 985
969 583 907
72 695 757
938 320 275
803 579 22
989 527 623
596 52 222
865 239 720
233 17 505
262 786 205
507 820 502
528 375 565
635 566 235
608 256 500
45 762 527
620 365 822
527 27 825
853 74 995
857 962 756
589 979 52
393 253 202
48 653 986
362 225 796
25 66 823
31 292 982
985 922 957
925 822 292
679 220 256
828 775 32
898 236 46
583 900 308
769 925 929
668 885 956
267 82 263
602 297 669
62 71 599
227 285 522
628 790 536
995 528 259
228 593 328
775 859 725
889 24 325
578 930 977
276 925 533
85 64 26
862 682 12
78 825 560
12 672 602
360 882 47
952 38 228
635 378 565
356 526 520
830 69 503
258 51 296
562 526 230
822 509 785
720 51 729
295 696 276
48 830 865
662 952 522
322 48 930
21 922 565
825 16 860
826 762 923
64 952 293
42 326 825
79 258 823
522 758 622
978 5 232
397 82 269
32 71 696
229 258 260
288 906 388
31 656 253
372 226 52
363 76 598
29 630 222
882 775 660
630 822 208
33 676 535
525 42 74
699 972 658
522 51 48
283 669 532
589 85 270
568 84 98
203 682 239
320 729 40
52 357 95
826 570 84
923 258 565
527 652 33
925 589 359
229 500 352
259 225 82
98 269 825
399 292 520
525 726 1
22 262 262
863 53 30
797 368 509
922 202 256
576 227 335
835 253 639
852 683 333
583 42 279
603 61 525
64 229 27
583 272 507
985 692 366
4 802 667
350 922 857
64 665 533
798 256 360
237 979 1
253 975 626
525 339 933
709 47 263
532 568 597
922 590 538
980 627 258
49 24 900
835 626 865
772 797 503
789 288 5
897 595 709
29 703 620
657 853 922
527 932 688
92 367 927
583 697 532
592 75 795
803 826 327
220 708 22
572 575 257
622 568 226
202 265 565
285 960 525
802 679 64
623 389 326
527 505 275
226 282 45
225 952 68
48 609 288
395 565 828
623 259 528
277 12 35
857 705 18
40 956 522
785 623 522
262 769 298
563 94 896
806 51 279
608 722 963
683 256 569
572 522 225
25 12 886
533 900 726
279 529 398
1 270 797
620 368 238
47 857 83
650 45 230
562 800 675
85 307 706
59 226 572
208 529 925
13 265 805
42 357 923
722 359 220
567 950 758
783 625 833
978 285 388
960 929 297
983 528 953
43 357 692
279 990 958
399 16 50
20 285 18
885 822 725
765 975 708
227 778 53
585 533 920
682 252 275
702 220 505
768 865 653
225 826 357
222 357 828
938 595 236
369 520 257
525 852 920
91 295 935
682 675 506
32 705 722
839 225 565
586 200 752
50 270 725
92 600 753
927 66 688
589 522 286
525 895 532
670 957 383
52 323 295
35 336 285
789 28 227
47 84 50
327 898 592
326 520 828
960 276 602
823 565 80
766 222 606
932 272 25
43 280 262
865 575 507
537 997 18
862 252 690
998 562 232
599 535 598
225 825 536
560 229 298
236 508 985
982 588 47
605 672 269
525 658 322
229 258 897
999 692 80
269 525 502
288 276 957
220 228 825
356 897 92
772 653 830
302 662 588
883 262 837
822 595 43
803 679 72
570 826 229
922 520 362
207 653 259
502 782 21
353 659 51
202 52 765
292 680 222
775 4 975
22 305 276
252 608 220
985 583 725
207 888 71
382 202 925
769 21 220
677 392 600
759 223 609
595 505 638
822 203 296
83 280 906
782 71 205
538 48 269
592 670 688
296 779 22
575 885 506
802 252 597
43 380 727
680 998 21
502 756 49
639 685 71
56 205 530
397 672 237
42 265 859
506 256 30
765 829 957
25 202 596
538 238 567
759 286 1
637 522 589
37 528 925
322 805 606
995 828 775
627 228 328
766 677 375
525 297 668
762 575 625
925 64 47
327 956 628
84 368 52
327 99 775
220 705 356
805 74 599
508 46 203
696 269 228
852 228 83
536 205 752
582 838 828
1 15 656
586 722 526
333 229 50
275 820 52
772 235 259
723 4 580
21 250 526
922 206 952
24 386 366
682 977 965
82 372 679
965 353 4
963 895 583
592 725 380
856 302 18
678 203 993
592 299 48
237 203 207
602 290 776
275 76 16
82 23 585
525 767 923
582 762 966
225 925 979
48 656 792
85 782 235
897 572 975
75 84 228
57 84 958
596 27 653
12 49 522
327 930 21
729 782 205
275 567 722
638 94 230
535 253 572
829 602 1
205 18 975
756 22 782
71 72 12
562 378 866
270 67 775
29 672 88
653 21 22
32 868 882
327 390 35
85 35 232
836 676 632
250 927 205
722 22 94
727 372 61
28 375 332
756 47 852
222 595 505
832 528 577
583 622 24
922 678 257
295 789 382
332 89 803
64 605 325
226 835 275
25 532 802
45 698 207
302 825 770
308 826 609
76 675 597
720 523 369
52 757 825
323 823 592
576 508 259
33 285 809
286 205 22
262 233 957
24 808 505
690 725 12
972 227 905
42 78 336
932 30 993
232 769 279
985 995 958
42 222 858
889 757 852
965 757 78
226 377 595
352 525 38
865 272 659
267 328 24
230 935 305
922 67 979
285 220 830
1 837 698
765 295 238
663 652 205
935 502 770
659 94 20
253 269 322
202 74 24
4 992 695
603 369 652
638 525 596
996 866 505
269 502 529
596 353 45
42 529 396
202 788 58
696 522 702
42 96 950
16 51 10
683 507 61
596 360 57
357 703 275
883 782 85
379 797 275
756 662 625
45 965 532
502 593 357
98 12 208
999 270 45
378 532 22
675 905 532
45 997 823
692 43 923
226 39 728
257 628 81
43 726 268
58 657 885
827 606 786
825 952 560
15 932 61
228 672 869
727 270 859
653 50 828
80 359 263
368 562 825
567 56 290
992 822 296
223 539 659
950 865 585
296 623 322
759 49 882
51 968 50
200 520 605
70 229 856
500 986 576
936 779 238
84 625 725
575 899 856
252 363 588
48 822 375
835 672 205
64 209 702
525 822 262
765 359 74
339 292 353
526 395 89
60 570 302
525 892 937
832 963 207
99 575 232
695 292 720
962 267 226
596 576 668
258 362 10
920 31 338
270 700 906
932 64 532
52 578 935
833 226 535
675 88 785
588 47 17
925 50 362
535 17 905
327 252 24
225 45 520
770 922 262
953 308 525
290 39 593
592 907 32
532 603 579
32 952 92
275 329 257
580 959 823
285 783 822
505 570 702
69 24 700
799 252 538
893 300 42
70 385 620
826 15 606
12 967 66
253 660 992
777 282 389
53 339 752
526 325 263
767 975 890
869 226 205
659 537 202
506 20 593
235 258 622
753 959 809
226 256 290
45 43 74
225 785 48
45 81 607
365 529 839
679 95 74
729 52 992
272 64 350
48 386 228
902 923 780
92 529 323
852 937 322
280 357 99
45 53 293
506 825 567
253 832 922
595 31 62
565 562 225
209 822 695
792 503 905
588 209 45
977 595 503
635 502 625
588 692 260
860 532 592
285 922 23
537 772 52
285 662 270
356 609 822
928 24 978
627 42 995
309 562 865
228 522 990
859 957 530
677 625 228
662 265 639
306 888 228
15 51 807
509 51 267
850 532 290
320 202 959
202 577 59
15 24 286
10 352 386
720 268 353
952 96 296
766 4 536
222 288 729
892 727 33
15 229 262
825 752 852
32 45 992
982 596 92
575 808 929
608 606 527
650 326 638
985 386 267
67 823 585
52 220 525
222 690 38
293 85 825
589 359 727
889 706 865
21 253 808
53 45 357
222 225 60
888 10 869
958 632 226
905 652 68
675 620 21
656 796 94
793 207 593
24 15 230
392 527 797
533 222 51
208 532 869
988 206 525
49 806 292
560 76 51
203 560 17
577 869 909
293 528 283
52 229 663
528 45 202
39 529 792
1 24 795
72 775 865
20 252 867
23 89 385
986 862 927
577 965 500
502 656 682
236 796 572
600 48 883
562 257 593
47 375 336
767 70 759
567 39 360
668 958 98
528 520 94
272 603 658
527 1 527
262 378 207
678 983 523
520 1 575
225 675 262
202 922 890
503 776 42
226 777 625
208 295 767
625 85 390
695 985 258
659 270 282
42 932 903
253 653 350
298 529 563
23 653 46
580 22 606
768 823 203
233 225 705
909 82 380
265 952 672
229 72 625
222 395 329
795 500 64
927 82 336
566 803 220
658 22 205
530 608 24
582 926 532
35 269 65
383 922 800
502 668 952
600 998 868
220 225 353
398 397 272
285 535 363
636 79 982
607 653 935
808 652 899
58 626 595
530 91 49
307 956 960
84 333 525
320 286 302
47 660 24
767 920 656
923 979 272
606 507 262
852 51 292
595 253 570
525 51 56
599 985 629
277 909 362
222 583 225
862 45 785
538 629 802
925 978 807
5 628 822
30 686 24
530 228 352
728 352 49
12 785 599
209 852 279
929 907 27
208 576 265
259 205 828
67 567 52
526 258 822
28 250 292
256 367 31
576 275 820
262 926 71
225 21 567
570 302 633
268 565 305
265 672 765
658 82 992
509 228 308
267 772 74
920 223 566
969 298 326
999 563 775
89 262 200
22 250 43
837 91 925
222 265 927
838 276 365
785 920 357
295 1 203
589 982 33
825 523 706
207 595 789
529 397 903
252 528 927
506 767 227
36 980 278
392 45 829
235 27 632
560 5 225
375 332 693
357 853 46
503 752 785
780 566 532
230 237 675
532 225 936
658 269 678
69 1 583
64 630 277
688 200 339
205 20 859
92 575 235
523 205 992
508 225 352
285 94 206
709 71 22
50 577 80
969 965 62
508 670 805
323 40 58
225 392 237
572 937 372
528 970 65
200 24 51
298 780 4
395 995 203
657 226 46
323 24 525
48 827 323
522 375 709
225 775 229
282 526 970
225 890 286
659 983 867
31 95 49
822 707 608
43 957 790
527 760 272
907 902 258
907 639 806
522 25 207
622 700 289
729 237 963
905 307 23
632 252 353
525 225 978
47 40 396
258 799 259
289 577 562
339 827 91
352 10 795
51 858 49
897 225 623
585 675 868
42 582 332
569 657 259
596 42 956
722 288 45
233 663 529
820 762 950
602 528 68
265 826 74
672 805 262
836 858 360
20 302 297
595 368 599
49 859 237
72 47 725
688 5 223
308 560 202
729 225 43
727 702 590
232 256 602
568 250 84
60 26 392
24 965 838
68 280 297
522 880 979
609 502 52
725 92 256
982 925 682
588 632 856
366 98 336
953 925 605
650 885 885
929 222 72
58 822 729
889 358 838
568 728 235
568 31 662
758 970 932
58 21 350
43 832 920
225 567 668
585 866 508
390 990 578
505 508 323
565 953 64
627 922 289
276 327 299
48 232 670
43 335 728
678 256 535
82 595 61
299 678 325
727 776 306
827 527 600
835 237 606
339 362 572
267 532 74
259 807 507
500 798 663
272 10 522
729 950 792
582 275 590
582 990 84
928 929 675
229 865 253
376 665 28
706 829 928
352 222 225
925 788 290
52 15 288
882 85 39
279 276 24
979 12 308
765 858 205
399 227 972
74 765 269
56 753 200
602 680 292
709 266 45
295 503 259
322 323 250
229 269 328
902 27 685
239 822 362
275 1 327
269 682 669
975 256 47
239 362 626
292 228 337
597 662 752
799 397 595
367 295 728
290 396 237
325 235 299
750 21 94
76 250 362
836 92 49
895 390 586
325 762 622
207 252 81
588 908 638
505 282 222
776 562 283
323 572 586
45 992 399
560 48 930
590 675 692
320 49 263
685 26 527
322 853 963
278 227 25
233 283 377
94 386 71
225 957 263
723 85 323
566 1 533
325 777 388
298 656 892
725 822 635
575 722 270
289 575 622
903 262 62
42 280 31
265 922 750
42 975 505
272 565 93
956 583 282
702 729 386
679 52 24
74 302 896
98 985 56
975 91 903
298 697 502
627 928 85
589 49 357
603 779 627
996 533 629
682 822 237
299 956 665
708 856 21
74 572 368
16 352 57
752 523 4
262 71 502
796 260 24
327 665 998
588 332 235
689 523 4
59 650 702
252 969 827
280 1 305
758 560 829
207 685 975
903 572 1
239 985 506
270 94 802
269 995 922
502 222 959
228 592 589
40 252 568
720 836 256
822 303 13
12 285 965
882 885 750
63 595 327
809 927 239
622 957 562
650 74 785
852 592 45
51 21 789
278 42 592
51 585 539
18 880 722
228 835 93
970 930 362
806 265 963
46 835 397
45 24 283
968 788 852
593 49 228
925 375 200
293 290 752
12 939 925
522 929 897
51 202 10
977 49 272
372 753 888
12 625 92
228 853 722
58 45 302
576 222 577
522 280 25
582 706 288
952 23 863
293 235 997
675 82 302
922 652 823
862 207 572
962 272 225
286 672 627
225 522 578
605 860 636
828 85 528
623 569 23
689 209 62
778 582 775
207 763 569
24 720 796
12 84 857
520 306 928
45 236 562
885 725 362
528 922 356
74 775 1
225 366 296
525 362 280
525 382 833
25 24 922
230 74 74
532 500 923
24 280 49
529 752 606
297 563 366
56 567 605
839 785 892
859 52 592
338 59 525
329 78 533
205 528 765
5 888 507
523 925 285
94 252 323
927 860 725
22 566 267
760 263 32
358 308 567
328 302 209
4 233 523
998 535 776
883 22 628
799 305 222
252 802 206
970 259 1
24 40 15
51 895 68
1 28 292
525 202 47
625 322 600
586 905 45
639 52 589
222 22 989
852 292 58
823 222 322
45 920 222
509 12 56
272 336 360
672 295 895
936 257 652
966 727 903
535 900 90
292 229 528
767 569 699
835 625 965
520 620 282
18 392 676
652 775 59
209 637 299
263 53 46
585 652 376
722 227 277
1 326 659
226 590 579
362 508 896
766 850 990
502 725 338
232 802 683
226 989 670
226 596 889
825 883 272
693 21 279
726 622 292
10 692 292
57 382 863
720 530 257
996 953 61
893 532 888
222 522 259
86 857 63
253 25 385
909 985 757
685 40 528
359 997 283
529 228 18
792 59 666
895 588 763
720 30 523
579 582 775
650 905 45
605 522 858
263 628 627
235 937 70
48 285 665
51 22 959
532 292 950
66 827 972
225 935 952
81 330 825
526 27 10
357 285 653
890 793 21
358 265 765
326 372 24
578 957 525
586 956 258
950 97 372
26 74 362
24 595 538
308 668 989
952 259 296
320 995 839
963 225 909
46 685 76
85 329 579
535 535 522
769 956 84
502 702 522
570 825 602
657 767 672
320 208 15
753 252 53
206 10 589
906 585 777
899 49 26
526 283 622
278 225 630
91 262 676
538 975 625
51 753 47
685 722 385
525 983 226
10 62 957
782 605 969
570 305 823
905 675 533
802 85 696
972 233 936
72 209 42
598 267 84
677 835 725
722 353 705
58 232 27
532 222 805
43 923 905
520 4 722
697 276 925
852 967 275
220 238 925
568 288 202
705 42 839
990 372 823
285 530 58
866 537 577
253 65 698
623 628 532
289 750 905
22 632 620
67 627 525
538 795 502
220 328 232
97 799 203
263 322 505
825 51 662
205 238 995
295 567 31
802 320 562
763 930 207
880 560 43
957 26 200
296 10 639
94 522 805
572 922 592
220 778 772
528 635 220
229 205 606
223 59 905
277 588 920
697 625 222
632 222 12
588 289 883
708 253 280
325 569 956
94 208 40
222 31 533
25 990 675
72 529 270
507 20 829
292 362 209
622 91 832
589 282 323
202 276 582
795 920 562
45 535 232
952 1 84
395 886 526
982 13 252
895 830 898
12 835 756
48 358 825
12 362 953
28 298 595
272 227 869
82 22 568
992 75 765
767 725 905
250 933 568
536 13 902
262 982 220
798 92 693
509 379 23
24 205 889
836 526 375
500 852 683
706 332 236
297 508 956
530 933 262
256 962 683
285 45 225
570 5 222
632 882 605
525 52 570
24 939 957
202 532 395
323 682 282
52 276 950
51 837 825
777 599 365
692 37 21
57 25 706
258 45 64
525 305 222
968 509 94
859 675 936
666 47 980
333 379 626
832 335 84
650 588 576
932 289 239
237 237 266
536 31 602
896 289 902
585 359 98
505 930 997
82 220 793
822 99 265
352 227 790
997 225 529
586 220 539
827 529 507
4 295 22
652 260 825
399 325 257
256 335 728
227 783 72
368 52 680
49 665 265
229 663 500
265 69 522
289 992 966
253 228 222
635 525 583
67 868 397
902 976 653
362 46 265
399 656 786
605 52 882
688 722 962
978 325 360
24 79 31
563 895 253
782 805 327
278 759 562
84 662 927
263 860 24
239 760 40
869 883 362
562 585 567
74 17 965
367 729 829
259 676 370
625 208 200
535 572 45
833 522 678
629 575 338
823 280 699
283 928 702
657 86 992
233 852 28
61 232 262
566 667 528
522 560 375
778 24 267
72 939 43
537 539 963
527 223 88
286 527 922
67 627 903
885 4 367
225 337 565
520 856 205
523 223 80
332 503 380
29 226 325
727 395 562
94 322 90
4 22 532
695 229 17
805 289 520
588 296 825
207 322 27
338 528 590
10 330 665
900 272 235
629 708 40
328 505 563
767 570 588
503 697 635
299 25 597
64 592 378
933 238 37
626 365 84
822 802 356
776 853 48
229 353 772
975 238 83
703 539 289
935 208 725
385 622 985
539 797 67
38 756 837
232 538 850
1 265 962
267 257 39
503 592 51
856 575 825
238 652 576
535 868 852
656 18 227
658 583 262
777 526 762
800 42 91
39 653 596
683 297 623
26 638 67
262 48 936
982 935 882
722 92 225
35 952 572
292 899 39
330 272 64
965 57 502
565 676 953
533 45 279
10 522 859
592 302 15
770 509 45
570 580 522
270 799 15
592 69 51
335 808 262
830 322 820
76 829 959
262 12 595
74 765 12
805 633 12
67 950 950
252 24 229
585 822 253
33 275 829
265 262 966
582 276 808
47 50 260
503 525 522
633 56 825
379 526 706
98 522 252
372 206 756
659 789 84
568 290 228
58 939 94
900 727 923
292 365 608
259 292 39
950 537 829
857 65 24
300 779 860
953 12 535
388 695 295
392 959 283
970 527 695
965 750 42
995 725 950
532 925 365
885 950 228
270 885 786
337 15 993
685 707 976
927 659 225
228 379 28
270 84 935
832 522 620
853 329 50
305 668 939
626 45 852
42 307 702
700 826 49
689 532 300
330 18 202
896 982 693
227 527 827
530 226 656
703 772 43
236 79 253
95 45 939
982 266 896
826 267 523
866 52 705
288 588 925
609 376 338
265 626 835
502 47 225
522 222 91
576 42 532
663 726 22
64 329 727
222 772 753
500 272 522
272 806 675
525 952 358
522 729 828
928 957 203
21 797 975
256 383 220
230 698 263
607 503 282
725 500 885
762 93 357
25 795 623
890 856 583
880 932 996
539 305 982
72 562 953
602 52 203
260 599 652
527 590 257
568 650 698
525 52 859
502 385 22
52 662 64
89 236 809
40 953 4
74 675 622
1 74 659
567 638 835
523 675 679
505 699 675
932 583 585
902 45 259
78 950 327
289 695 395
598 12 339
533 222 529
778 965 52
288 989 206
48 259 53
280 622 953
252 266 586
250 659 325
699 725 322
40 75 509
922 322 978
295 94 752
539 356 230
333 756 982
580 35 42
522 752 782
323 622 208
320 776 600
233 698 266
567 16 52
29 580 630
722 760 622
208 532 229
258 379 272
775 292 360
357 882 685
268 762 359
592 203 578
882 253 952
956 18 502
356 867 32
335 566 753
690 229 758
862 752 45
932 865 220
922 24 12
15 222 753
72 999 379
40 24 652
756 48 258
356 322 589
702 520 792
638 388 22
226 356 536
533 577 257
858 24 606
24 707 635
663 526 979
25 990 953
12 963 24
365 285 502
795 48 620
997 277 359
696 39 538
688 680 522
359 262 838
602 532 375
22 222 579
625 526 662
775 95 532
829 42 252
202 825 339
277 865 528
862 652 26
283 597 595
51 288 622
685 48 756
220 236 972
292 852 502
277 906 528
622 582 352
753 529 838
598 953 775
82 393 38
237 525 905
94 42 868
503 84 28
563 606 770
258 71 24
232 326 353
267 277 523
268 675 522
67 61 232
283 676 24
880 64 322
522 537 285
580 59 16
290 395 802
296 885 47
51 652 51
272 703 909
49 278 51
22 688 262
392 378 282
525 899 905
53 202 675
279 527 856
565 935 239
383 526 505
70 297 822
272 505 31
64 857 695
235 522 823
582 288 976
27 395 628
350 657 650
769 78 780
832 658 4
276 84 885
653 220 920
49 828 305
386 29 385
776 227 392
20 377 502
820 568 392
27 539 952
836 522 42
966 50 752
323 366 302
257 857 537
882 652 226
622 13 5
507 695 289
369 992 32
48 377 963
392 606 530
362 29 696
225 83 567
392 272 728
225 757 282
662 225 293
899 48 40
200 952 238
757 13 856
570 679 727
10 327 892
335 833 286
17 693 592
722 5 379
939 775 5
590 5 588
723 896 358
992 31 520
775 23 74
572 24 29
522 222 925
525 286 40
929 583 796
529 852 726
45 502 562
750 378 669
269 652 865
322 298 795
575 1 958
963 282 376
52 288 607
932 320 566
703 238 858
40 336 26
378 507 48
25 720 696
852 566 288
922 21 956
529 893 637
705 74 267
52 620 628
325 527 275
222 395 837
783 305 975
635 582 228
772 269 29
399 52 979
332 85 863
625 235 282
539 43 982
239 867 508
206 45 893
397 523 253
759 385 528
17 325 965
333 222 922
585 595 42
905 932 91
21 91 366
592 227 297
28 392 586
265 13 525
922 278 982
880 38 562
282 322 42
45 285 953
74 51 237
95 332 625
229 899 968
756 295 772
722 24 622
793 605 253
529 929 359
607 15 35
529 757 852
358 276 676
562 829 575
827 972 572
225 45 520
525 598 90
537 262 327
652 328 527
366 509 257
396 567 703
803 288 590
64 97 12
225 562 825
705 602 792
595 327 262
968 828 295
668 43 693
858 599 279
50 45 805
232 697 800
297 323 95
277 565 222
94 652 306
42 30 279
375 537 729
252 672 808
903 635 225
835 15 235
723 233 977
523 52 926
43 826 692
43 10 762
652 323 923
220 45 62
250 74 852
708 585 376
230 585 275
328 828 47
575 507 592
572 602 683
239 40 536
565 26 898
753 527 52
339 903 565
785 52 606
275 582 42
320 805 395
629 353 596
22 529 658
525 509 57
46 505 37
222 72 968
936 706 570
586 203 24
289 929 522
722 805 225
562 578 765
42 279 802
520 45 539
12 578 305
259 652 235
965 27 807
569 525 265
365 538 70
959 753 636
632 10 868
929 906 506
350 989 207
91 523 92
532 23 585
256 989 40
605 598 298
706 220 769
503 239 375
785 222 672
685 802 528
766 906 52
22 639 583
232 725 392
662 326 16
25 40 577
956 229 958
756 859 357
927 398 35
94 868 94
625 263 265
256 929 780
288 256 67
35 21 23
40 679 57
522 652 88
45 332 656
728 330 582
47 293 269
850 265 585
885 259 280
297 522 529
986 51 375
22 285 539
852 333 636
825 206 262
45 678 48
570 862 322
659 45 677
505 956 225
526 938 992
768 379 82
71 45 690
586 329 653
632 75 526
40 897 502
859 253 263
535 209 1
84 238 279
632 12 25
672 43 253
358 950 789
66 225 370
562 535 99
525 62 28
253 10 958
956 928 356
985 27 227
328 23 268
569 35 650
829 950 31
265 566 362
657 835 25
205 722 868
285 395 763
952 568 258
239 91 698
538 628 333
582 253 667
270 295 952
926 662 586
352 900 579
350 570 299
48 286 18
572 899 582
565 362 257
397 966 563
61 663 565
586 567 230
800 572 95
868 675 885
252 839 908
960 268 583
727 509 677
660 69 530
272 889 895
12 726 382
368 767 64
695 363 15
352 375 208
25 672 627
956 533 638
53 386 222
505 47 4
339 525 26
792 606 359
65 253 352
362 562 925
24 605 865
978 532 359
625 64 527
597 658 295
278 82 762
270 978 867
285 389 833
305 966 225
398 825 74
775 285 667
507 369 796
46 13 325
580 527 653
26 985 723
989 633 685
997 49 338
282 932 537
62 253 296
67 17 339
932 222 950
950 626 40
16 223 277
729 922 895
282 75 290
257 225 260
18 982 23
585 999 85
925 272 15
507 61 286
992 377 525
222 990 389
399 46 93
203 980 81
232 703 830
396 620 27
908 306 795
529 46 352
500 352 5
366 233 357
269 328 639
702 276 595
4 262 959
502 26 950
265 228 358
960 679 257
935 675 892
835 235 625
84 825 525
31 330 235
360 390 722
653 880 22
722 932 956
282 922 576
760 852 586
632 353 252
28 520 43
74 265 96
52 262 753
208 5 15
10 298 822
357 222 22
278 953 689
585 5 767
803 675 579
622 353 527
24 323 789
752 599 252
84 1 31
58 652 18
520 58 963
290 935 227
395 276 957
728 792 40
932 666 697
538 252 696
288 22 575
889 295 903
529 592 823
620 256 866
599 579 280
767 576 983
205 727 24
223 49 622
952 372 320
726 27 626
885 275 226
365 363 20
72 665 302
40 906 200
203 91 56
358 652 399
592 228 289
789 297 502
580 965 953
257 678 693
297 329 352
975 896 577
685 4 625
677 325 852
832 799 46
603 656 40
262 778 97
777 567 209
208 756 726
222 22 17
625 569 256
262 529 752
622 392 337
322 935 253
232 582 759
992 600 803
267 807 527
578 620 257
269 39 220
298 957 15
532 4 257
209 772 798
823 623 522
833 265 57
320 520 72
77 679 290
15 22 350
786 20 272
805 599 856
532 24 272
565 238 856
28 776 250
35 233 74
302 369 523
52 995 980
507 925 67
566 229 535
500 74 392
295 335 229
892 588 825
282 665 678
829 20 578
999 582 253
767 22 602
71 45 12
352 84 42
24 263 785
785 22 526
302 325 48
288 48 322
957 793 225
585 256 70
200 762 21
883 860 762
820 977 898
205 22 507
753 823 42
993 326 272
256 330 375
982 365 228
765 639 235
575 70 580
58 825 623
858 535 18
707 13 979
763 226 252
223 45 990
257 520 658
958 532 636
905 835 532
865 91 258
293 586 952
958 765 267
222 579 657
938 275 666
799 302 282
625 836 235
962 562 889
253 272 935
45 923 15
695 275 252
379 826 46
529 672 668
827 852 325
937 995 202
372 759 657
325 269 525
885 223 46
807 305 756
21 285 266
16 25 906
797 775 505
808 975 42
298 31 702
22 526 686
74 576 727
262 352 986
263 753 823
837 985 630
582 297 759
592 225 269
64 22 927
205 902 61
250 982 296
577 727 526
22 589 4
592 220 353
289 285 966
569 95 807
723 902 238
226 526 233
697 528 827
588 13 232
595 13 503
806 708 13
975 226 962
29 286 203
628 207 325
52 622 882
395 859 40
359 795 49
752 828 950
45 85 820
229 720 682
537 79 252
770 256 563
595 725 882
632 627 4
880 657 560
227 758 393
289 228 622
353 295 689
595 222 852
325 537 236
339 927 527
57 758 323
306 575 20
390 859 792
259 64 52
786 66 686
88 929 599
685 286 866
885 222 975
632 57 532
299 45 658
832 865 233
64 40 563
372 90 372
220 85 277
629 770 24
48 952 25
839 49 332
48 526 766
535 528 505
278 650 957
80 597 826
525 262 685
722 390 43
323 74 565
600 665 862
572 779 626
237 33 12
925 763 366
862 583 885
980 265 535
823 795 852
228 620 752
23 858 592
84 858 29
527 765 332
250 757 16
776 395 253
585 575 395
580 567 42
20 256 697
570 722 35
502 950 685
880 225 598
560 569 33
565 42 525
207 858 665
656 536 506
293 798 758
235 952 523
77 580 967
262 1 968
623 828 697
269 728 222
202 789 593
25 998 220
722 807 61
265 51 258
625 727 1
302 950 53
253 359 232
95 927 729
322 78 395
220 897 56
205 972 228
758 376 765
960 572 653
805 200 52
908 29 286
325 606 509
869 832 352
898 503 258
992 922 532
262 958 26
520 265 525
702 868 979
597 678 250
656 535 42
42 57 572
229 952 729
278 236 18
533 675 24
852 565 582
352 922 595
502 77 956
972 42 220
588 262 862
528 45 860
252 706 252
92 47 562
285 257 850
920 300 259
48 372 235
672 865 25
320 922 225
959 858 276
832 12 42
657 532 927
63 99 625
24 750 232
802 49 353
538 668 756
277 525 533
625 856 592
807 263 392
580 868 828
12 300 382
563 906 18
822 4 627
329 4 262
223 576 48
892 4 49
935 363 572
972 926 685
527 31 852
599 42 562
375 66 972
953 74 4
922 806 56
508 252 572
999 10 678
992 703 56
659 95 926
695 792 236
998 225 52
895 292 570
278 228 352
225 926 42
390 828 297
328 288 1
30 24 202
788 985 45
227 628 683
922 352 723
528 707 352
522 4 589
369 582 703
335 978 223
833 920 4
292 225 775
532 42 223
327 72 362
50 928 235
956 568 357
857 922 927
309 500 925
986 13 227
62 15 722
585 370 820
802 46 20
382 298 889
925 282 895
596 236 585
282 1 52
43 577 797
762 299 656
797 857 375
593 538 802
42 526 260
298 20 508
12 782 222
685 652 94
276 286 226
529 890 17
52 298 265
252 622 95
662 220 627
992 623 260
295 16 24
47 652 725
595 620 529
507 95 825
758 758 226
10 15 823
262 565 67
685 233 380
225 825 329
393 963 563
580 42 207
922 367 757
577 679 678
532 839 797
352 598 88
502 795 825
338 576 509
759 48 857
856 506 237
372 335 396
672 75 576
676 206 885
332 49 282
229 820 332
653 45 882
45 705 29
336 502 607
982 42 830
606 272 807
699 24 995
862 336 4
505 297 85
299 888 326
576 805 53
42 15 296
586 909 508
230 769 265
24 280 307
975 508 368
223 569 890
928 252 336
526 592 825
525 222 858
907 270 936
657 369 572
226 250 832
292 828 575
762 385 635
520 930 682
726 359 972
589 565 25
969 850 523
766 656 993
61 768 94
689 46 23
903 729 506
272 42 570
382 795 225
45 288 505
520 650 767
56 350 652
352 806 800
793 1 602
252 868 600
74 220 595
785 807 20
232 228 828
933 590 286
593 899 632
959 866 776
84 579 24
882 71 579
863 632 608
523 770 292
24 652 31
205 565 776
74 79 798
959 322 52
679 972 725
782 759 256
225 867 325
228 660 595
352 525 289
500 379 529
52 388 585
903 622 71
705 792 823
92 58 925
74 620 863
752 35 702
28 750 829
603 262 756
336 985 266
205 632 295
632 956 20
25 590 292
632 829 526
782 853 625
822 535 838
895 45 657
922 265 526
202 888 535
528 832 93
222 729 386
252 328 996
225 793 47
225 539 568
620 322 839
22 572 576
852 858 533
305 508 629
520 722 383
603 622 505
225 520 353
359 42 950
565 356 235
667 676 228
607 299 802
966 295 51
583 299 356
956 398 292
608 580 682
205 223 235
935 505 925
950 21 528
909 508 320
43 563 529
592 536 525
322 653 202
256 606 380
328 42 265
765 220 925
707 37 81
276 968 570
668 827 653
957 652 883
31 397 296
650 64 252
508 308 779
902 625 839
822 292 295
775 527 237
220 328 46
397 585 303
579 825 528
665 507 49
520 656 525
727 925 262
22 585 508
586 757 85
769 595 309
625 928 798
900 205 308
32 522 907
958 538 222
562 336 767
758 352 522
983 508 353
590 97 793
46 866 782
48 285 696
40 16 820
883 49 700
528 685 626
53 852 883
825 40 268
276 82 57
628 663 577
967 695 42
229 48 290
395 12 292
237 225 42
656 806 599
350 58 25
52 307 528
726 299 74
659 538 46
793 677 260
820 332 45
598 822 42
932 40 21
509 683 84
308 525 986
330 590 988
968 227 380
18 31 227
38 320 650
250 920 200
628 63 575
656 235 32
269 385 62
38 382 525
527 565 725
777 398 15
525 770 935
335 91 889
963 922 323
682 360 276
598 578 625
228 620 822
328 339 257
369 16 272
260 91 205
290 209 91
53 282 270
258 578 792
233 923 585
922 220 595
47 22 698
90 283 652
226 83 269
996 635 289
562 392 94
5 505 622
925 958 656
520 592 607
25 78 388
262 390 20
597 4 256
522 29 222
895 523 893
858 356 229
798 796 238
385 24 53
970 322 222
227 820 579
827 852 95
266 658 523
503 822 27
223 633 859
532 300 91
49 399 589
822 590 525
292 61 236
959 45 78
922 253 920
1 822 627
253 220 393
239 205 798
705 893 95
537 705 720
238 757 629
585 202 378
520 762 885
725 237 922
502 96 529
892 392 297
720 4 827
592 16 367
295 289 223
992 885 23
222 772 45
10 23 250
47 822 509
633 662 358
637 40 266
962 758 45
936 582 99
666 927 923
923 728 677
283 657 385
925 42 592
806 366 957
975 358 1
992 588 96
675 258 10
227 570 252
282 372 752
965 535 783
953 220 956
82 566 825
590 292 262
856 623 305
532 42 522
605 22 832
379 253 593
226 47 857
282 26 725
925 672 826
767 952 707
580 820 42
93 825 232
926 42 226
583 92 560
600 722 205
527 18 31
1 595 658
89 253 765
65 353 265
976 32 995
825 503 65
532 74 923
275 978 952
263 895 288
40 653 326
389 775 692
639 706 229
20 94 292
925 66 723
85 958 800
772 635 785
205 68 932
638 832 290
590 765 257
393 590 76
893 963 275
933 796 237
563 65 74
857 305 953
665 45 590
769 268 756
990 563 392
222 83 252
995 950 48
265 752 86
766 566 777
51 225 880
723 993 64
75 397 578
822 826 593
830 709 883
205 827 653
576 962 226
606 225 856
18 829 10
590 953 659
47 252 652
762 707 257
258 629 256
527 4 825
1 598 527
356 23 578
230 526 893
1 525 47
782 589 509
47 792 280
752 70 372
352 850 800
503 756 922
582 528 653
860 977 339
823 568 15
688 222 763
575 928 24
84 820 699
590 302 752
275 265 658
17 62 525
853 276 999
358 565 605
575 705 662
49 202 782
535 880 980
28 595 608
532 528 595
303 905 529
956 605 289
725 299 222
782 575 652
47 859 52
922 956 303
788 625 226
632 698 43
632 658 56
597 297 625
523 98 71
865 575 822
228 93 24
685 729 539
676 998 923
532 33 592
26 285 70
586 262 667
10 560 523
91 220 590
835 45 222
782 993 43
888 957 588
1 25 983
239 978 362
603 285 398
666 305 672
370 826 47
50 893 575
752 290 693
225 572 827
523 98 225
829 225 535
223 28 72
636 256 32
80 230 827
258 32 62
765 858 657
222 270 662
583 24 350
232 46 21
923 985 953
392 47 24
569 792 957
227 956 526
23 589 686
15 696 506
666 285 695
797 628 10
282 202 29
77 672 932
26 77 232
858 352 250
48 622 975
583 662 209
788 322 502
520 588 52
578 227 595
907 325 622
532 382 769
590 49 26
995 24 4
537 570 21
585 49 956
277 828 802
985 84 320
525 56 1
232 306 502
92 632 823
725 322 229
959 502 306
257 925 653
48 5 522
967 358 206
45 222 45
686 40 205
357 575 652
622 657 293
630 595 259
15 697 829
865 600 252
275 522 837
833 967 223
858 205 932
309 785 21
595 74 539
252 385 626
43 622 923
267 822 785
46 509 236
80 230 13
599 235 42
569 72 307
230 523 585
352 928 28
257 45 708
220 81 532
32 627 239
525 4 81
729 259 583
927 775 522
43 57 909
790 383 220
92 24 508
256 209 658
280 356 637
385 45 528
81 26 568
33 585 589
328 49 965
382 527 360
975 283 228
23 526 788
229 45 270
300 935 567
292 252 49
562 529 61
597 302 895
360 997 580
568 71 267
795 275 827
326 46 752
759 826 63
252 82 233
653 296 806
250 572 5
568 290 325
725 993 656
592 305 292
58 260 825
376 658 229
525 53 68
322 508 40
575 578 659
84 258 303
775 858 393
595 300 40
223 505 259
285 82 24
597 236 46
628 42 757
576 992 667
579 53 578
583 46 77
285 932 1
767 703 822
74 959 707
652 269 752
969 722 288
567 795 902
606 825 993
859 925 729
265 629 523
502 835 797
305 299 78
927 503 293
275 750 522
10 588 37
207 677 4
752 24 15
200 63 852
927 606 229
627 562 278
358 570 923
805 883 500
567 666 527
223 292 253
785 395 903
379 959 595
24 275 337
12 28 639
50 567 989
585 335 13
560 577 25
292 257 856
668 902 256
265 262 229
632 372 49
327 968 522
598 42 995
18 578 972
822 676 535
505 40 225
956 268 600
298 525 227
522 783 702
825 332 305
208 520 392
765 977 997
822 22 50
4 272 267
885 692 329
602 622 306
15 352 972
983 21 288
522 583 952
86 805 20
825 560 222
833 939 905
250 64 772
18 396 562
206 24 292
880 1 985
329 576 275
358 526 833
252 925 627
357 40 699
85 38 663
228 629 86
586 656 788
265 865 509
802 630 836
882 272 588
222 40 302
325 975 923
720 507 782
685 352 677
325 985 625
84 527 952
239 203 562
672 590 506
758 950 525
825 295 42
605 296 750
757 585 42
976 272 593
267 51 90
256 1 1
22 252 595
627 29 902
579 21 235
808 629 357
566 659 253
22 532 990
26 279 228
709 40 985
26 793 52
250 933 270
395 620 47
222 76 202
288 867 977
27 207 568
797 5 857
866 502 770
526 503 278
525 48 769
779 525 90
43 575 909
86 48 24
502 798 656
968 659 61
688 677 366
388 227 572
395 43 628
366 968 595
659 950 503
60 585 529
832 562 226
602 968 72
783 605 232
283 202 320
568 228 975
883 859 270
528 392 208
50 927 230
222 679 282
338 922 45
64 268 58
788 91 286
59 782 359
767 858 25
42 10 395
692 40 25
535 537 250
21 537 250
262 653 5
623 823 969
16 636 24
665 860 807
859 650 258
975 12 266
79 362 727
757 857 869
379 40 61
909 376 656
262 839 968
576 223 985
5 84 256
389 763 852
965 825 24
778 979 296
608 282 576
288 722 758
577 566 505
42 27 353
726 4 328
285 670 662
669 953 5
275 13 932
988 282 225
632 59 682
528 383 15
658 92 596
205 505 969
797 368 305
966 506 575
522 306 389
678 323 208
820 992 502
709 522 292
822 567 976
200 360 795
12 295 925
966 585 18
909 959 272
38 289 722
520 226 250
578 272 395
505 972 595
989 766 958
625 766 523
42 599 782
289 993 662
922 253 620
582 808 285
508 366 43
339 93 793
629 662 690
503 920 656
602 629 627
757 898 382
590 705 25
725 679 1
509 58 74
322 5 357
253 689 222
827 852 22
937 697 627
580 24 225
1 23 886
805 538 722
42 298 763
852 525 23
24 25 58
260 795 926
229 805 82
72 386 890
392 12 867
26 575 262
595 257 330
51 722 21
272 570 907
222 765 678
280 535 825
49 385 326
689 525 74
305 393 250
652 532 398
26 328 579
229 266 996
933 888 858
252 578 222
628 859 907
365 586 762
5 522 665
229 4 40
25 277 75
596 280 525
702 569 528
683 46 285
52 586 262
74 322 925
326 203 922
607 27 47
858 626 657
538 262 595
753 63 52
53 222 950
857 72 758
297 657 525
339 209 768
536 353 725
32 936 802
595 522 980
94 592 21
722 226 22
39 856 97
566 253 37
705 228 956
392 69 783
375 609 528
765 325 925
958 886 33
526 203 660
98 625 525
536 786 722
397 230 32
503 289 379
370 829 690
225 323 27
766 24 226
858 530 950
260 583 522
829 295 627
323 667 786
363 43 297
535 729 325
620 527 597
622 665 989
585 285 395
629 575 357
929 4 962
292 599 98
809 203 509
61 227 285
26 269 68
522 268 10
25 225 250
665 885 752
89 582 396
959 922 61
379 985 523
920 522 762
980 667 935
386 226 952
950 222 686
966 257 382
257 205 868
622 61 808
922 950 706
292 263 535
858 253 83
33 72 923
895 627 208
575 322 623
40 823 623
532 69 222
289 598 59
929 568 16
56 627 83
250 48 330
962 768 908
262 790 206
253 50 525
578 26 582
833 22 560
535 527 575
17 657 577
533 762 295
957 399 43
22 923 952
537 362 236
530 597 890
936 256 209
629 525 292
825 37 226
539 563 866
693 257 26
666 356 42
305 296 369
228 562 666
288 20 397
728 65 256
505 52 538
958 322 359
630 328 295
536 262 728
252 275 569
902 27 357
925 225 278
225 972 253
276 685 286
802 22 675
570 729 520
71 51 17
665 335 25
252 12 590
46 98 237
507 863 50
972 606 562
883 52 282
523 565 692
825 688 74
680 779 15
42 522 202
275 24 796
350 250 827
502 867 42
772 508 253
35 696 925
525 225 603
58 957 605
393 200 20
908 223 51
958 385 272
233 625 825
608 252 725
337 632 252
902 290 832
925 527 286
885 727 263
43 250 627
823 52 698
963 950 525
957 225 29
227 660 297
298 74 579
652 533 328
508 682 78
43 902 31
383 595 258
709 4 253
353 298 523
639 956 959
900 209 65
758 74 61
228 94 809
21 629 25
888 52 807
372 826 577
533 958 882
45 10 51
659 777 572
756 35 595
625 525 42
957 680 272
207 397 396
629 46 23
852 238 225
84 599 81
599 522 64
729 58 322
563 696 705
49 1 209
578 669 663
303 5 832
850 13 505
522 282 12
858 725 228
522 900 375
695 18 283
520 260 650
282 805 52
582 777 929
795 626 226
45 227 957
365 867 18
800 293 385
837 972 785
756 360 570
956 869 229
828 20 582
40 31 358
4 207 995
289 697 775
40 590 522
537 282 362
77 232 227
389 58 696
286 526 71
652 922 205
223 677 995
882 889 252
262 653 385
905 207 597
696 950 582
589 723 258
223 85 283
759 228 48
825 86 868
59 803 607
225 606 925
74 677 772
252 375 605
296 309 40
45 228 272
532 972 10
94 64 16
286 932 520
40 589 5
92 332 393
36 852 10
502 592 575
637 229 276
40 329 592
869 836 500
609 520 699
256 223 658
52 983 522
883 352 592
983 992 605
28 979 262
83 629 596
865 752 582
522 45 282
750 525 279
609 525 528
72 795 503
566 222 397
307 578 639
67 967 528
776 250 278
222 622 56
222 956 825
792 569 202
49 536 502
666 30 502
772 579 305
895 65 252
662 753 335
527 252 42
98 238 230
522 24 222
709 380 903
1 75 208
23 637 256
938 226 59
295 853 262
290 568 762
722 966 579
359 380 223
950 937 752
353 532 24
698 259 753
532 86 706
865 529 285
260 282 565
562 865 227
323 792 952
42 569 24
505 825 292
12 72 532
285 783 570
532 752 71
837 793 520
783 593 827
966 24 925
722 357 770
289 367 203
883 270 507
84 828 52
527 17 968
625 43 609
570 290 825
532 858 252
42 40 382
957 835 622
522 206 586
368 633 97
822 690 523
567 35 758
667 295 285
226 652 282
525 205 637
337 65 986
725 24 226
265 58 503
608 309 620
952 785 86
809 589 776
529 726 225
52 82 253
998 625 269
852 852 352
759 972 622
296 252 386
382 959 692
897 566 928
232 325 922
350 823 97
593 295 84
51 22 252
1 292 505
896 320 283
822 208 620
252 225 353
660 366 756
94 252 220
250 27 49
988 686 585
589 785 21
40 657 890
633 959 709
525 359 229
998 562 84
222 45 94
905 672 827
377 527 88
285 527 252
885 92 692
576 699 927
45 880 202
762 292 882
91 590 329
366 285 927
358 297 956
270 225 200
252 207 295
322 253 725
86 886 926
725 222 266
585 290 935
527 936 765
282 79 725
91 752 222
525 357 46
47 228 569
292 505 208
965 827 999
832 202 958
622 520 565
570 84 829
4 395 500
322 90 520
960 257 535
305 752 622
677 802 926
953 33 278
802 352 529
772 4 750
89 925 30
225 378 686
238 222 207
40 657 293
377 335 800
226 925 322
53 770 532
527 589 852
592 667 282
58 885 727
662 728 209
220 927 927
352 266 252
362 377 333
537 222 525
609 305 592
29 576 929
65 84 885
208 978 45
386 60 42
325 823 705
592 48 837
222 65 597
772 596 899
302 600 665
952 46 233
925 63 1
795 570 222
330 525 852
780 328 253
267 593 563
622 285 850
42 320 577
975 653 508
890 782 25
283 822 852
270 935 325
1 363 275
579 5 208
21 229 633
220 599 91
706 852 292
528 695 22
226 295 507
926 280 238
802 928 995
320 295 668
24 42 290
900 260 31
533 502 858
565 360 679
995 839 359
35 526 5
899 64 782
785 16 29
628 975 722
50 252 590
572 772 676
953 257 825
683 525 580
282 275 15
776 270 856
522 74 58
902 677 309
706 723 222
94 97 958
660 603 727
759 992 352
322 37 725
628 15 952
357 26 529
583 308 978
789 360 970
625 207 228
582 238 23
309 38 51
235 86 56
329 995 352
95 909 862
625 690 929
94 503 852
68 959 605
866 525 252
306 47 929
585 520 858
632 232 235
850 265 663
51 20 900
208 235 628
362 265 22
379 253 49
560 227 997
933 229 81
222 622 258
236 526 292
528 525 595
45 625 522
860 257 535
592 28 356
12 705 659
263 652 622
759 790 923
520 985 75
859 765 222
609 305 259
852 979 790
520 862 592
769 696 20
968 692 42
530 923 975
527 270 972
693 752 506
52 207 622
209 74 222
565 827 365
776 297 38
18 672 45
32 562 775
223 897 575
862 952 382
953 992 252
922 269 622
656 329 728
927 309 950
392 592 75
869 269 523
852 22 94
607 827 977
205 260 74
259 929 777
353 4 975
885 529 266
357 832 822
882 953 82
592 702 795
25 725 989
577 605 762
529 49 252
379 592 652
282 692 222
995 535 786
725 532 79
852 688 358
1 236 593
883 277 527
906 862 22
963 829 43
262 332 368
980 753 697
78 275 575
46 620 257
25 268 24
12 256 570
723 258 525
572 652 535
282 326 48
836 585 21
905 335 222
298 225 932
225 75 530
525 46 202
905 822 622
936 257 582
256 677 925
562 229 537
535 395 202
522 53 23
297 923 565
527 629 636
235 293 786
822 828 49
862 588 965
239 335 952
84 42 27
968 46 772
24 768 585
50 5 752
902 277 703
328 525 286
336 635 625
269 61 807
578 64 522
590 74 42
500 922 850
359 992 997
56 597 17
64 295 657
266 983 867
897 507 24
272 822 832
262 228 95
800 525 95
828 726 58
509 567 957
596 262 202
93 763 823
825 60 582
960 982 996
225 280 592
257 653 538
323 925 786
529 835 68
725 71 689
329 529 957
775 985 589
585 882 659
309 275 625
959 905 768
61 252 758
260 56 995
709 92 205
57 827 660
84 976 899
28 297 15
229 575 586
929 930 40
599 262 18
652 388 728
828 568 668
822 1 726
608 605 208
867 74 24
1 695 953
48 325 867
222 796 322
857 789 222
926 562 996
49 328 985
625 20 729
230 29 31
38 595 823
852 592 626
752 722 565
526 972 569
305 49 782
703 282 225
529 659 395
857 71 620
532 256 290
12 758 322
592 650 582
532 226 895
94 94 292
662 633 269
235 95 803
289 35 200
857 883 272
700 952 725
202 805 278
252 599 47
792 292 592
395 43 272
795 597 783
960 586 389
980 329 776
91 58 22
233 626 536
583 260 298
939 729 582
508 575 222
560 525 24
623 253 829
237 585 528
40 276 505
298 897 265
998 752 93
769 623 527
753 42 12
960 236 609
975 992 369
4 289 399
502 638 659
289 527 222
17 669 1
807 24 965
753 529 592
12 40 45
50 772 828
920 976 365
236 265 40
356 323 699
665 51 72
63 35 658
723 357 64
388 956 599
899 709 950
282 388 78
792 935 722
35 327 329
698 952 1
956 332 227
505 959 10
767 626 37
952 830 53
923 1 925
506 962 70
75 15 263
806 263 658
592 532 303
1 963 396
933 668 726
889 762 508
293 233 825
665 222 892
365 222 675
759 622 94
792 605 892
565 885 92
522 396 653
530 930 24
920 869 698
253 275 395
21 200 778
635 222 575
21 4 522
662 48 500
822 299 220
579 532 630
505 922 275
832 358 260
722 522 229
283 46 593
752 790 628
308 567 753
726 503 227
592 778 528
609 332 532
230 789 975
598 88 509
33 827 697
4 232 957
700 900 992
64 909 570
536 703 802
825 720 298
985 952 390
67 289 509
93 526 45
592 16 385
897 590 692
377 532 832
49 36 529
395 572 593
395 583 1
65 792 958
560 826 902
350 64 57
775 923 263
656 822 62
275 223 825
952 708 895
750 992 236
232 42 376
665 656 48
956 252 225
938 588 71
930 24 385
775 393 569
930 272 94
652 528 325
799 759 823
295 962 767
295 336 595
285 250 226
983 796 503
225 957 232
61 762 259
45 852 46
302 795 568
585 47 669
4 507 64
586 589 332
325 837 859
277 32 276
652 563 978
803 398 239
232 337 297
325 705 653
862 565 827
12 920 278
80 695 237
750 927 1
45 520 228
272 882 17
35 222 359
599 652 856
722 835 539
252 507 91
627 1 705
789 42 207
707 53 339
576 35 95
769 79 362
963 386 905
676 760 798
84 529 277
853 952 45
866 72 723
500 297 15
579 302 785
888 66 233
70 952 677
765 982 363
752 696 527
202 339 699
623 509 29
57 578 352
622 590 539
338 280 233
786 665 252
62 276 206
23 282 827
568 623 938
523 260 882
588 585 286
622 629 280
825 269 530
560 959 329
396 92 24
562 529 582
372 258 332
230 625 86
535 652 225
657 980 539
757 48 225
398 865 285
798 582 333
230 21 593
252 570 86
226 652 623
328 789 668
283 890 522
726 356 222
61 575 325
375 996 24
905 303 350
84 236 270
259 999 4
535 280 523
720 390 623
326 370 672
725 40 892
10 237 633
65 326 1
520 223 726
858 889 720
562 253 905
565 702 332
503 259 822
659 783 829
250 57 725
366 500 64
720 899 222
60 785 337
232 235 792
856 257 22
962 922 62
925 74 208
695 520 15
227 42 720
757 700 97
84 727 45
772 333 295
520 238 933
526 663 909
236 825 766
578 925 525
832 672 982
51 225 803
578 952 290
275 203 228
585 272 560
78 380 978
897 29 275
202 500 362
825 923 71
42 307 525
209 660 585
585 526 45
46 586 237
922 12 605
229 902 950
56 363 24
293 833 927
45 995 352
269 24 226
328 223 260
328 292 700
298 772 529
253 566 536
632 272 305
882 608 962
226 276 94
795 576 335
16 205 323
276 679 85
57 523 582
909 392 285
26 633 527
74 265 225
520 236 278
71 350 966
228 677 707
67 823 785
725 567 605
785 805 1
258 862 605
562 585 222
752 293 229
24 46 40
763 379 278
827 51 625
75 388 18
532 769 753
528 638 902
985 77 377
227 560 563
935 228 932
222 805 292
222 31 505
252 21 388
25 683 582
229 579 889
45 362 289
376 575 566
702 570 69
502 49 522
262 352 927
257 96 523
752 702 48
583 50 566
525 298 322
685 826 656
285 22 42
252 575 322
729 45 250
295 982 43
323 702 597
327 286 803
802 258 625
963 309 31
500 21 222
298 46 585
352 323 593
202 956 586
505 692 228
808 700 992
325 827 608
752 203 895
622 260 766
326 222 47
805 695 27
520 857 783
629 323 685
529 668 82
375 806 18
45 677 676
529 560 62
96 708 963
56 998 775
807 257 250
308 382 922
76 575 598
659 256 97
520 299 328
252 52 935
29 235 299
296 505 256
899 957 579
235 763 49
590 765 222
930 908 825
622 305 223
789 48 77
896 779 69
43 950 258
356 868 958
288 969 527
525 95 576
223 252 656
680 525 728
850 262 303
907 226 72
750 597 205
58 229 303
839 622 282
206 527 722
720 94 205
42 4 523
48 232 25
76 575 239
897 32 585
639 98 268
585 295 259
236 258 696
609 727 589
205 782 267
29 233 53
208 52 885
61 925 306
982 89 29
639 252 686
906 520 325
203 583 377
202 707 833
562 578 650
665 635 800
720 778 656
263 94 595
207 520 285
270 785 46
226 74 275
94 757 27
74 276 45
10 565 729
528 605 382
683 835 858
253 46 227
357 538 525
885 239 21
522 533 66
332 395 653
305 252 683
272 528 53
238 259 353
256 56 882
588 566 979
252 327 537
94 835 72
858 767 906
88 925 275
200 725 852
562 823 685
259 995 785
4 930 563
965 328 985
936 796 625
260 923 500
636 523 929
902 382 908
295 42 665
956 722 62
582 25 337
800 572 220
335 522 203
885 395 325
228 522 325
61 24 56
925 350 322
369 572 250
206 18 725
295 96 906
586 93 43
703 40 76
928 37 320
707 672 977
68 232 858
998 91 635
25 49 850
889 562 930
852 222 64
272 222 622
252 927 793
725 220 880
203 993 505
522 267 16
1 25 790
527 396 37
502 30 252
69 905 277
979 590 768
20 590 278
965 99 522
726 279 23
625 85 888
226 629 50
652 583 269
523 26 577
822 285 65
282 220 222
523 225 295
520 583 268
835 202 529
36 776 42
729 4 565
678 395 505
997 250 292
327 299 18
780 25 78
533 365 76
827 525 225
766 705 820
533 690 352
209 988 295
359 756 892
575 539 229
285 756 986
527 303 280
332 856 907
360 323 256
376 325 225
286 830 220
658 385 308
532 765 325
256 257 827
5 295 220
752 92 888
600 859 667
565 562 40
15 982 253
835 606 885
225 866 265
206 688 659
992 582 235
279 325 598
282 990 950
49 728 366
282 209 279
46 700 675
12 252 527
752 64 590
532 590 325
207 659 45
675 925 279
396 588 329
395 262 525
862 48 258
970 705 526
652 596 64
585 22 532
280 375 62
900 562 275
10 999 49
398 699 64
586 653 957
932 262 978
837 522 4
85 322 529
860 792 760
689 75 228
21 589 17
685 802 570
967 538 970
270 337 86
97 608 289
537 258 268
252 222 565
28 397 50
525 507 622
59 628 925
520 303 599
988 609 526
208 857 505
259 80 225
48 22 950
585 388 65
729 826 762
58 293 398
350 35 282
58 852 205
608 707 49
682 593 652
833 752 236
535 837 656
670 923 952
4 835 333
620 976 930
972 232 89
395 208 692
523 21 25
527 282 223
757 827 40
362 323 590
359 868 307
609 353 908
268 260 227
765 322 532
783 32 602
660 672 393
565 586 988
225 656 532
380 592 237
609 920 837
18 785 829
722 229 533
94 278 71
683 74 40
828 20 15
652 40 807
76 883 520
362 797 337
222 975 46
575 920 885
992 12 288
757 982 528
652 799 863
933 605 835
565 265 925
820 24 772
672 275 665
595 659 290
238 1 270
528 299 820
35 258 65
722 759 305
282 523 858
620 25 262
46 24 530
832 580 21
27 49 609
38 688 357
953 653 506
659 978 575
362 839 265
12 506 257
978 320 805
882 24 599
835 296 68
260 760 42
932 909 829
529 602 24
757 902 265
72 522 960
835 399 277
695 22 522
58 252 539
395 327 78
722 786 566
523 965 74
64 5 539
45 265 57
575 31 852
275 322 78
866 659 262
527 270 526
45 253 15
375 327 220
565 526 356
272 702 795
222 62 580
520 897 227
826 862 259
752 675 795
526 572 46
835 385 697
908 752 533
982 40 84
288 957 42
202 325 907
958 222 959
257 806 43
50 252 680
286 626 520
598 523 768
588 280 29
335 380 799
262 922 208
569 83 232
18 81 825
952 685 535
697 332 956
856 763 327
208 45 658
952 965 256
702 82 538
863 278 225
368 952 43
567 979 90
22 659 237
986 722 26
725 21 398
205 779 978
758 582 226
84 266 763
669 4 852
42 620 622
660 252 275
576 925 726
523 238 729
657 24 959
71 590 565
896 280 278
660 502 259
21 785 882
330 252 228
952 706 299
350 42 205
207 5 533
59 51 678
572 886 575
528 203 262
832 788 250
46 94 580
277 790 13
269 22 58
783 82 530
500 527 656
792 24 17
929 259 685
809 937 523
226 71 47
235 29 585
625 395 605
962 275 84
56 61 837
630 527 225
880 27 583
89 992 882
772 957 535
275 658 500
653 853 46
803 653 45
300 1 667
525 577 74
892 652 678
43 367 980
95 692 958
639 965 665
24 777 202
40 24 296
805 27 932
582 16 42
852 50 929
22 4 223
25 42 590
352 258 566
697 575 702
957 64 40
64 959 708
709 628 250
502 628 636
238 237 24
223 377 276
590 695 758
572 726 47
522 959 722
856 235 826
58 695 966
75 760 24
25 965 782
26 765 659
720 256 227
952 627 250
565 67 51
993 24 376
860 703 63
585 53 223
522 995 722
802 40 636
353 288 52
620 785 375
267 975 676
61 592 850
282 922 803
47 235 10
962 95 226
852 577 70
328 225 47
650 202 925
250 220 65
223 779 509
539 575 358
71 31 825
94 262 1
686 850 252
382 97 67
76 808 637
365 565 965
979 865 293
64 232 362
772 376 327
777 379 825
772 94 699
782 525 15
228 533 629
925 323 698
650 700 320
507 268 657
227 40 762
725 772 4
562 806 367
45 12 295
970 206 672
378 825 265
506 220 826
669 790 62
756 256 853
597 836 520
523 5 288
288 690 562
795 322 763
253 890 685
528 988 81
223 622 653
21 30 920
235 277 283
259 906 826
23 669 597
236 522 950
857 907 265
235 262 652
858 975 760
379 703 12
18 659 832
235 253 538
278 379 953
909 990 525
580 785 522
625 650 280
862 576 836
728 10 350
582 823 827
660 590 57
289 937 32
267 725 728
202 525 10
662 897 822
322 795 262
956 585 77
27 977 85
40 822 522
956 508 390
967 232 382
51 752 658
46 582 953
907 269 293
259 370 253
508 606 926
686 322 22
725 285 327
926 506 356
45 567 588
785 572 782
508 272 523
380 42 926
926 823 50
606 566 25
933 533 81
962 286 988
50 46 45
820 327 982
565 790 752
25 97 48
99 275 272
16 222 567
650 582 632
750 852 897
63 962 385
24 882 222
923 278 259
979 627 228
338 838 25
260 24 972
22 753 928
523 665 358
537 535 753
832 523 302
980 45 259
625 322 776
803 705 562
228 975 292
537 929 378
325 920 600
538 592 269
898 42 325
24 328 757
17 279 566
858 803 750
250 270 17
520 795 899
853 297 329
375 46 630
959 522 278
708 965 220
359 350 320
680 929 726
867 926 897
25 663 259
562 598 977
576 522 520
786 825 21
522 51 81
236 272 520
358 22 46
366 820 565
82 776 586
288 605 227
390 25 266
67 71 502
64 282 529
282 795 25
335 652 17
42 579 202
960 206 13
43 862 282
837 303 626
502 42 639
572 989 500
300 258 72
18 763 357
265 625 360
383 82 652
322 808 222
322 279 28
633 705 322
18 265 225
965 983 765
835 272 859
238 292 18
575 672 232
589 336 823
832 805 568
395 275 596
64 298 252
685 958 253
578 695 988
43 522 89
22 765 290
525 12 595
635 566 759
522 31 629
657 626 936
630 932 575
362 32 953
79 620 928
82 952 375
525 386 99
578 927 239
597 959 260
225 24 576
328 705 502
639 762 522
379 358 26
838 267 632
40 277 392
278 979 756
578 293 982
778 293 95
820 302 26
677 272 768
692 93 252
20 378 809
599 522 772
808 206 358
27 40 580
592 568 280
75 360 229
592 4 252
976 662 262
562 958 22
207 702 652
699 797 257
505 663 48
570 826 693
229 296 707
279 379 385
525 49 272
623 966 36
239 326 388
535 42 303
326 537 235
653 97 509
525 586 356
1 679 395
293 527 567
12 936 252
24 762 24
350 40 22
565 49 296
857 722 788
47 992 932
229 252 1
526 983 25
962 269 882
857 375 665
207 335 1
588 52 575
578 852 253
379 565 905
285 45 26
537 595 97
570 225 368
597 750 46
525 280 252
662 49 527
596 776 523
236 279 762
925 207 930
702 530 385
283 505 983
49 803 505
725 25 532
56 659 237
966 659 266
225 632 263
722 892 800
296 935 84
806 623 853
575 270 227
1 1 265
358 825 275
995 378 689
42 232 278
927 638 222
682 252 530
752 225 925
393 939 996
225 84 759
95 309 857
330 857 16
352 235 895
302 759 688
835 596 592
70 565 335
506 662 709
790 372 703
693 925 43
752 42 583
222 608 256
96 765 572
509 830 622
239 5 290
235 269 832
266 203 707
535 275 58
592 833 47
925 585 84
522 528 672
282 652 18
42 258 535
99 820 676
628 592 95
74 836 200
83 506 756
352 92 26
65 922 229
923 599 903
295 370 595
580 225 205
86 608 64
392 526 263
26 225 268
588 288 835
675 625 926
720 91 533
672 21 637
639 678 47
298 868 66
925 62 852
253 222 59
925 650 958
660 45 332
727 266 283
608 752 46
368 288 42
225 200 995
47 72 250
629 538 396
572 605 33
292 522 329
952 209 832
18 686 232
622 696 49
883 20 235
23 64 528
239 358 695
31 823 835
568 598 986
279 563 45
22 956 626
16 765 696
525 927 792
16 1 982
71 250 220
277 57 586
68 629 250
385 398 72
862 865 207
893 30 933
31 985 227
833 582 575
232 263 628
252 42 782
21 70 305
527 685 598
379 503 203
95 772 957
795 790 392
285 222 260
267 572 220
85 800 535
825 259 782
563 620 237
988 350 238
275 533 207
229 292 290
623 392 72
536 565 828
47 95 999
270 765 766
668 45 86
298 24 53
925 238 588
820 285 597
49 74 263
929 289 775
858 236 265
590 596 75
820 10 95
253 370 656
952 82 49
820 38 795
905 995 256
657 686 21
325 268 52
256 356 565
667 590 222
91 505 306
280 1 332
75 259 525
757 637 760
288 372 522
785 975 325
725 957 597
229 627 320
933 653 262
258 295 665
370 505 829
37 706 852
329 280 257
22 203 808
927 662 950
308 51 74
589 56 229
580 252 886
865 230 785
228 592 290
357 282 593
282 563 686
869 520 78
306 708 905
756 560 277
867 359 782
65 250 938
678 509 74
562 992 388
223 585 272
333 258 569
503 727 74
627 950 97
988 223 835
365 906 972
950 506 84
227 31 275
523 200 929
32 325 256
45 682 932
357 522 25
61 992 35
820 537 598
282 258 726
929 45 222
332 232 202
588 637 920
627 260 502
53 253 265
752 839 632
21 600 380
352 578 399
800 522 23
862 685 522
43 279 582
770 527 560
32 820 266
765 232 629
580 592 253
306 702 965
609 80 978
326 928 562
622 772 775
593 61 600
253 620 47
282 822 339
81 308 12
297 922 71
51 285 575
525 382 58
765 228 46
923 859 592
502 589 200
12 520 206
725 94 293
953 235 526
677 232 965
228 332 42
75 250 370
23 838 605
656 989 275
64 40 897
40 582 202
633 595 599
336 902 267
538 992 656
270 52 653
220 927 952
256 508 675
507 653 568
995 780 950
332 590 577
338 692 792
226 382 996
535 233 857
679 682 522
24 802 290
299 658 99
256 825 18
282 895 75
677 858 252
72 939 259
259 930 992
905 523 922
580 895 939
670 852 45
777 836 260
563 72 899
530 257 359
520 609 40
46 822 500
857 43 956
84 883 707
256 597 297
882 378 229
293 527 756
630 77 975
228 953 42
996 42 74
47 89 625
672 566 327
45 50 699
506 937 52
90 388 27
265 766 985
257 907 225
222 10 927
52 81 220
529 48 595
563 58 17
35 986 572
532 827 272
525 1 928
4 20 605
852 359 523
592 296 375
253 595 1
828 227 622
709 220 598
278 233 798
520 889 220
356 622 222
21 222 529
902 857 758
608 702 4
572 322 508
932 258 47
623 71 923
253 562 358
49 827 572
650 807 825
51 923 203
686 585 297
956 529 808
208 889 690
306 627 505
62 563 572
262 28 260
535 597 225
525 18 5
983 880 627
85 922 42
229 292 302
40 909 529
560 529 265
200 277 327
393 768 863
972 205 522
32 238 205
653 726 895
585 350 892
253 772 520
837 595 289
268 362 928
225 77 277
42 383 529
952 272 96
275 388 936
396 295 575
652 759 229
530 253 80
768 222 925
986 530 886
562 31 91
76 228 12
652 328 729
629 237 31
228 522 378
302 929 529
522 385 825
239 829 566
592 805 809
259 21 232
777 270 20
657 223 639
507 962 576
56 24 509
235 1 262
226 530 707
927 21 902
759 259 909
202 233 252
226 525 623
84 42 896
958 228 385
279 538 522
595 370 506
20 798 729
652 64 256
332 983 236
262 283 52
356 57 259
222 658 757
226 928 52
667 522 272
676 862 292
227 582 503
929 626 23
239 529 576
608 586 24
42 233 620
823 376 625
390 84 12
226 585 332
782 683 802
328 588 572
375 728 280
75 335 972
850 562 532
582 959 625
282 885 208
979 788 25
827 323 650
666 980 222
950 622 95
588 652 13
560 24 589
699 24 42
905 368 653
522 205 793
36 958 223
223 563 253
353 992 767
698 588 827
24 61 560
890 599 560
292 592 91
703 503 94
572 972 52
306 595 963
597 679 567
272 659 952
825 74 899
5 203 625
505 94 572
257 627 922
282 222 622
206 720 685
975 332 757
672 529 43
98 585 238
50 24 532
22 298 867
24 64 725
522 230 626
369 575 757
756 950 35
223 68 782
227 989 629
280 833 969
51 530 275
965 268 596
47 588 962
523 756 57
252 390 900
350 593 533
356 58 338
272 327 692
902 580 622
257 569 958
257 42 308
652 505 697
562 302 225
657 325 632
976 683 35
782 205 535
277 526 832
395 389 252
368 562 305
15 275 282
328 228 205
952 202 622
308 93 222
206 229 839
895 279 928
520 225 758
702 303 599
61 826 563
27 53 375
630 275 529
860 268 40
863 24 905
322 225 333
578 539 91
829 793 272
580 67 835
253 222 572
962 865 285
622 882 288
232 236 53
267 299 222
923 595 269
753 725 953
957 309 228
965 26 258
24 622 65
756 75 698
575 858 822
290 702 825
333 258 285
957 785 638
997 266 762
272 537 596
529 695 293
723 257 1
24 839 20
48 98 42
670 232 560
227 982 575
252 856 57
765 780 570
81 278 82
257 208 503
367 59 502
625 22 45
777 272 352
30 63 762
83 668 577
728 282 223
328 99 582
278 607 43
388 863 503
753 775 830
230 566 368
43 328 627
566 228 383
52 49 385
603 952 4
785 780 357
97 926 21
628 22 680
84 75 630
896 938 24
290 356 4
40 508 235
257 890 59
982 725 296
533 852 383
21 222 57
926 885 592
537 277 22
5 635 759
565 566 790
272 990 652
60 778 260
808 579 283
865 827 28
626 808 275
47 24 537
925 45 780
826 565 352
42 225 40
47 567 25
339 282 383
13 960 225
21 526 709
605 585 272
536 292 61
46 822 336
952 84 66
88 37 398
629 522 538
253 672 665
31 582 320
84 822 997
637 709 682
40 678 825
74 788 265
592 937 272
45 40 576
252 702 652
258 42 806
792 84 74
22 269 5
256 808 208
608 202 592
990 325 995
535 205 597
295 59 276
222 297 10
525 868 388
535 782 583
25 753 97
202 233 368
982 525 220
33 31 286
522 625 652
869 45 61
925 859 386
688 223 570
332 926 977
929 56 225
722 37 590
380 529 65
676 56 399
47 298 222
43 923 600
389 205 523
259 288 45
252 265 623
232 21 252
698 566 978
622 750 328
885 796 588
505 927 675
74 888 528
706 52 335
852 675 857
625 276 47
12 61 882
828 925 252
960 925 566
225 669 326
639 577 508
522 329 850
529 24 977
230 722 652
992 386 590
12 22 725
889 665 809
42 207 47
30 920 369
295 308 597
895 95 653
268 522 780
21 768 259
200 702 527
252 505 203
765 227 752
785 937 532
366 582 572
257 628 252
690 580 35
835 597 935
265 952 626
756 985 859
569 250 972
26 625 607
922 69 572
225 597 71
256 385 292
602 358 529
836 525 607
563 30 98
225 535 595
225 350 335
656 597 680
922 867 985
925 537 620
520 256 368
22 49 21
762 609 327
757 266 17
568 56 822
686 775 385
620 269 532
502 40 899
29 803 623
295 630 582
1 16 803
222 288 325
325 959 522
932 368 628
206 882 370
728 956 526
250 952 653
805 339 895
758 593 29
12 990 828
833 225 586
933 49 930
84 995 395
835 700 528
995 657 84
47 28 677
985 13 229
13 209 286
722 565 895
235 5 379
529 532 200
45 537 88
929 272 752
857 563 586
22 562 569
52 280 500
52 593 209
49 357 252
272 725 1
18 378 236
969 956 223
74 260 49
292 48 656
24 258 589
265 17 89
579 385 262
520 906 325
995 903 535
970 94 697
692 48 665
325 569 280
40 275 706
232 263 84
58 809 393
568 776 723
227 672 789
823 560 31
565 860 267
209 567 59
808 965 74
756 809 503
772 578 962
50 253 48
265 763 989
632 572 525
16 225 785
265 25 236
253 752 74
98 560 525
632 565 857
625 538 21
935 266 533
80 835 263
765 837 502
397 827 598
902 395 40
663 235 95
327 702 538
850 59 226
91 522 259
269 4 262
326 697 203
823 235 979
40 832 580
25 250 49
722 579 620
305 850 375
383 257 783
205 695 825
856 4 629
32 375 768
222 265 253
523 697 225
383 15 250
280 330 523
307 753 395
593 536 905
577 989 327
302 725 238
725 853 595
682 802 233
602 682 567
593 276 42
577 653 86
12 779 679
670 697 585
332 566 639
608 60 820
928 24 226
602 729 535
24 363 592
525 598 595
29 825 272
697 223 275
589 1 22
653 205 1
530 752 796
688 723 809
88 585 24
51 269 599
682 235 45
226 289 58
590 502 24
770 206 532
695 922 506
222 295 562
389 356 24
967 39 952
775 98 630
769 84 24
603 965 577
985 658 24
320 330 206
985 1 952
827 678 42
798 272 657
582 772 907
583 688 525
209 4 869
582 853 999
580 862 885
336 357 67
592 290 522
33 788 790
839 200 895
726 759 898
370 233 909
368 392 622
782 832 13
962 922 60
357 535 262
276 225 880
372 292 22
995 809 277
252 51 659
725 997 880
599 666 532
375 952 40
908 235 529
827 289 568
42 325 582
582 820 688
326 850 823
66 605 503
539 290 45
505 81 986
575 253 822
49 799 725
322 252 49
289 869 365
760 536 209
638 64 565
685 21 56
823 508 275
45 663 252
765 925 960
569 229 822
13 925 583
91 97 358
250 296 895
78 260 923
537 650 253
338 937 236
276 83 689
47 50 15
625 39 502
358 572 896
825 783 756
23 35 4