8560
1 560 57
72 952 270
856 290 353
526 669 229
507 682 205
22 602 683
657 995 209
397 750 77
570 95 990
583 225 525
727 58 202
807 508 1
12 220 535
525 200 850
388 60 358
993 4 583
376 229 560
22 289 592
1 775 852
925 729 81
252 622 21
4 528 99
52 595 356
520 75 757
235 865 995
936 525 792
95 982 222
239 362 295
520 723 1
857 837 19
759 1 858
359 522 16
86 256 272
15 236 4
12 258 997
259 1 725
972 579 270
25 538 793
309 650 51
760 970 629
620 10 236
1 23 82
656 302 52
1 236 857
4 562 82
656 952 699
593 825 567
292 997 220
66 257 802
570 826 952
32 369 528
968 725 235
57 636 588
292 229 275
596 723 225
897 508 657
353 506 52
722 4 232
568 327 286
223 10 228
382 257 602
756 89 525
897 239 585
81 21 15
21 527 10
772 86 926
579 282 92
16 222 39
10 38 19
775 937 958
723 92 979
659 31 286
225 572 525
285 13 12
688 56 91
253 889 567
535 666 21
782 899 825
383 20 602
10 777 277
650 560 936
692 31 579
17 398 609
526 32 1
525 268 223
275 322 562
853 296 23
868 322 822
830 835 597
262 1 250
16 32 223
202 89 526
237 28 85
978 87 975
859 78 762
21 925 85
608 527 590
17 825 51
720 80 232
596 592 13
252 326 15
390 920 538
522 650 256
520 582 653
935 929 51
583 323 895
836 282 265
277 702 697
826 806 22
226 35 753
4 15 853
285 320 308
656 822 592
293 82 352
752 277 566
68 522 12
52 695 326
203 91 299
526 779 905
79 676 57
357 575 823
50 627 16
91 266 507
376 536 637
522 4 97
222 29 532
757 820 962
969 722 680
607 635 895
52 772 289
21 226 276
632 1 295
589 830 226
597 258 220
623 605 379
250 928 232
15 885 82
80 372 593
302 260 226
506 975 667
530 623 39
226 502 598
793 565 12
796 282 238
57 957 695
622 27 757
272 525 52
1 656 385
75 25 357
507 580 925
293 508 266
838 620 758
50 868 525
960 322 576
986 13 722
597 10 827
593 907 905
362 227 327
595 886 266
1 920 627
35 939 680
15 4 298
782 15 92
625 323 693
958 602 229
822 505 827
609 980 4
228 53 502
750 252 380
856 596 277
72 600 782
368 253 576
929 30 80
658 980 863
227 265 652
4 385 86
822 525 935
666 782 777
950 598 17
505 323 937
269 829 238
650 258 15
725 779 525
900 265 525
586 932 607
500 502 225
962 32 582
353 723 21
858 509 22
507 568 672
228 59 627
232 237 250
327 35 327
377 522 852
525 225 265
237 1 753
578 832 4
28 968 763
350 52 528
857 603 75
593 922 225
765 586 363
507 688 96
930 83 675
503 279 826
926 869 16
250 225 35
585 537 283
785 226 38
539 925 4
525 395 17
5 15 770
12 537 239
507 595 822
81 253 975
682 923 282
325 265 768
767 13 390
226 803 367
995 205 627
666 523 626
57 320 925
697 28 72
81 289 230
296 1 81
532 253 882
802 1 376
505 202 989
10 722 395
398 775 869
958 252 292
688 81 563
252 695 983
67 269 17
322 275 15
776 352 12
99 225 250
797 663 576
789 502 15
978 856 29
525 708 5
12 622 663
220 862 4
27 59 993
258 292 13
595 266 526
52 278 953
15 805 589
563 977 62
570 252 535
767 603 356
70 722 572
968 17 702
852 653 905
282 31 322
585 836 900
999 325 882
51 325 729
992 572 806
982 596 686
952 32 579
976 208 728
867 265 758
958 252 10
823 228 992
21 683 639
28 909 527
205 537 507
775 862 382
760 81 267
223 252 520
666 775 522
23 829 922
657 862 220
223 379 975
275 222 528
769 722 782
25 528 10
329 526 866
697 925 225
29 225 968
963 599 21
26 502 239
750 265 229
17 267 528
325 660 962
205 895 688
657 820 758
252 396 26
51 593 563
268 12 920
959 16 965
572 836 258
385 27 68
769 592 95
752 822 7
352 252 295
752 758 503
26 4 15
292 395 676
535 292 752
53 268 660
258 297 226
393 275 663
323 750 682
762 790 372
12 379 952
766 380 722
4 709 226
639 825 985
565 598 775
993 753 226
25 682 522
629 362 628
956 636 15
570 81 16
986 279 209
17 229 805
325 666 4
757 295 602
765 207 703
207 937 382
4 939 505
15 902 523
835 890 21
600 978 893
588 208 280
822 285 525
202 662 923
830 4 576
293 89 523
222 899 793
527 756 98
637 963 750
863 525 962
680 25 682
4 523 205
253 21 585
4 22 12
353 575 15
73 292 16
250 205 859
823 35 777
527 252 622
25 628 502
382 15 12
282 922 597
662 232 258
767 4 1
632 580 10
259 897 637
682 65 566
529 29 826
92 77 225
67 952 576
859 720 835
885 225 53
28 752 972
825 385 526
80 937 765
529 828 769
523 17 375
282 953 868
509 593 529
535 882 275
27 350 858
51 578 227
22 228 802
272 229 820
980 295 522
392 758 269
835 656 605
365 292 570
696 52 528
506 52 808
792 256 285
88 4 532
79 366 57
592 207 29
902 695 263
692 19 252
530 572 990
763 397 75
725 723 659
4 977 57
928 21 385
56 209 15
766 827 562
229 952 57
389 996 925
602 203 999
235 578 859
995 905 52
306 632 527
386 625 1
15 222 723
15 992 679
252 328 629
99 322 930
569 21 885
202 4 650
4 602 762
727 27 69
77 200 222
58 569 600
202 13 308
202 236 576
372 322 505
522 296 12
229 658 632
662 528 62
225 772 56
538 327 822
972 392 67
629 563 537
709 959 77
652 529 893
209 893 275
252 205 307
228 725 230
56 4 526
608 225 325
526 527 252
838 523 350
539 632 72
959 399 50
222 672 572
758 960 19
75 907 506
365 60 625
295 67 592
25 989 207
565 12 202
91 588 252
675 578 850
920 526 939
226 657 705
4 596 13
12 656 60
295 81 502
668 529 16
757 530 392
388 282 308
565 200 880
885 560 928
257 1 280
598 78 626
237 822 892
206 765 15
79 209 503
856 590 638
667 17 565
22 369 528
585 525 21
25 807 256
289 675 579
15 936 603
277 586 667
539 72 21
857 225 568
526 252 376
599 73 259
206 626 523
320 836 988
370 358 228
502 978 659
852 925 950
309 208 560
305 560 19
992 925 75
81 295 829
632 17 15
829 525 57
13 91 525
856 228 386
67 21 596
535 327 685
886 225 537
356 729 225
629 325 263
250 322 690
282 222 81
57 885 576
793 677 925
762 238 650
369 285 358
303 73 81
572 928 670
206 979 658
21 286 21
539 570 753
263 16 772
390 522 678
527 729 60
725 525 896
692 31 4
525 705 382
27 629 632
885 265 595
235 622 660
285 1 920
259 769 958
72 967 579
4 15 228
983 67 702
622 57 289
282 205 585
863 803 667
226 322 883
786 865 527
98 756 592
297 62 525
526 265 320
579 699 905
372 860 652
31 920 603
866 15 526
576 825 893
727 753 305
79 757 925
205 772 76
729 1 925
82 223 525
256 685 397
627 667 237
623 72 565
700 538 822
502 792 21
575 82 500
658 79 385
753 220 4
360 597 822
760 80 529
12 376 28
620 269 702
282 577 10
277 982 235
657 565 885
529 263 775
985 579 527
4 983 560
10 622 832
15 826 257
267 525 623
723 266 15
262 782 853
789 652 922
52 626 920
727 202 527
232 966 672
868 502 305
21 729 353
352 938 239
78 675 527
896 776 835
520 708 21
237 17 828
808 765 99
4 297 20
897 232 666
852 285 368
505 379 906
15 506 12
205 802 625
503 809 7
592 935 4
202 365 528
385 709 209
626 226 837
277 595 257
51 920 580
252 385 13
238 952 12
91 502 63
572 200 320
266 985 782
202 235 526
525 867 702
832 625 252
538 959 962
223 75 235
270 520 997
295 235 16
767 905 952
852 637 786
272 29 69
26 892 306
525 772 853
725 73 17
383 237 257
253 21 775
706 653 52
593 365 636
295 262 21
229 12 639
667 258 1
222 995 15
926 982 827
953 65 325
763 565 372
12 22 859
225 936 503
239 538 356
252 950 583
4 782 520
220 325 367
237 396 832
295 97 535
508 4 975
292 638 700
398 520 590
256 17 51
21 575 293
262 862 576
535 4 79
726 297 272
923 756 856
767 950 253
590 50 623
972 89 229
575 256 277
16 635 503
762 689 59
790 329 91
322 905 232
626 230 562
692 525 75
720 562 63
585 682 269
509 823 835
356 79 28
925 526 727
635 622 15
56 950 1
270 325 858
762 90 825
367 685 202
922 21 10
705 900 57
222 829 21
757 382 75
529 560 585
4 962 977
263 227 16
202 967 922
290 765 766
575 252 856
230 586 762
283 238 669
362 5 780
727 532 957
269 389 677
50 939 16
575 227 925
53 298 628
202 506 969
262 500 563
29 70 272
279 220 1
783 230 4
53 589 897
250 220 232
13 590 282
886 205 5
29 4 99
21 725 880
925 825 672
782 81 4
38 353 532
327 4 52
759 809 72
592 662 323
239 962 692
4 590 4
862 93 669
285 752 722
792 569 597
825 228 325
352 603 576
12 629 52
856 572 503
12 509 12
252 522 563
869 827 723
207 852 595
792 566 629
682 272 21
258 25 298
977 270 528
572 220 530
952 282 626
925 229 575
535 865 698
530 966 820
790 21 4
775 308 866
4 53 206
572 535 92
31 4 229
326 503 723
12 837 789
81 670 225
17 750 81
259 235 16
292 57 576
927 620 952
720 567 397
566 706 270
322 777 232
98 995 602
708 229 202
586 226 885
895 97 58
865 257 809
202 285 630
266 672 260
522 365 970
532 229 595
569 956 395
580 722 977
27 236 869
277 228 603
620 880 503
626 236 16
882 265 292
525 68 535
565 722 980
280 236 852
630 562 920
36 620 566
928 4 772
805 652 362
827 636 539
222 522 580
885 830 328
297 626 520
282 722 590
353 95 782
5 252 570
966 292 925
365 19 265
503 28 220
585 857 51
596 676 505
527 360 35
95 996 867
356 522 598
695 826 575
236 788 322
665 568 1
82 520 289
91 225 66
572 765 925
16 15 772
25 285 529
962 257 927
597 976 353
207 52 523
579 225 565
325 72 977
12 792 292
360 922 825
272 752 677
229 520 768
375 537 10
838 859 80
220 670 12
292 589 388
962 21 258
728 87 256
269 86 536
279 923 59
596 692 672
566 532 768
16 10 785
927 575 31
993 257 822
27 589 59
836 370 268
589 567 27
653 720 896
859 1 262
797 392 622
270 595 607
522 10 203
829 20 200
595 999 253
972 4 379
16 859 1
237 522 535
962 15 908
250 365 95
295 89 759
200 290 57
82 862 525
795 709 389
326 362 580
19 677 753
15 288 13
325 996 628
390 635 21
222 207 32
526 767 583
398 563 236
259 959 920
560 253 685
280 25 78
252 976 235
795 923 769
266 1 967
260 299 532
228 629 859
752 528 75
502 520 4
539 563 656
525 12 38
503 265 566
225 323 825
657 250 766
4 13 889
702 562 597
590 200 505
563 723 12
907 529 572
929 257 272
4 252 852
668 786 68
635 505 360
957 520 51
503 729 576
700 582 12
790 78 639
325 725 790
900 56 896
865 90 507
222 675 12
22 203 522
223 88 19
963 262 585
27 306 759
87 12 895
575 622 793
205 290 752
12 932 570
97 882 265
850 800 982
822 292 4
362 799 762
586 838 830
770 920 900
659 4 620
822 4 91
722 91 269
698 22 866
17 592 270
67 505 327
15 882 28
237 209 25
758 299 385
665 677 302
370 595 862
538 775 368
586 305 923
239 925 526
982 235 722
753 977 572
636 272 272
622 598 935
523 209 275
303 12 703
653 507 797
775 93 393
250 502 700
820 91 81
563 682 952
253 327 685
539 10 265
376 299 81
775 560 995
359 298 852
590 562 22
230 385 225
256 722 302
696 322 766
623 302 905
292 325 595
977 12 580
509 239 666
369 21 388
505 935 825
678 202 280
359 883 528
250 605 527
35 765 939
21 929 527
23 593 685
627 525 286
293 265 653
585 80 81
978 13 4
672 522 968
862 60 597
268 852 22
666 692 768
200 53 590
656 1 503
380 37 262
623 957 27
660 895 966
672 16 227
357 222 670
822 262 529
4 277 729
965 326 782
15 230 302
53 229 725
320 4 985
76 1 37
759 592 237
399 750 16
295 10 869
652 632 28
562 800 207
97 53 770
236 388 629
292 638 223
325 752 4
897 29 923
725 667 898
268 297 263
997 17 528
908 502 93
372 893 23
572 950 282
686 252 653
593 285 259
598 82 21
4 50 808
4 723 725
935 282 620
268 660 905
206 372 81
282 629 357
326 86 505
522 853 596
957 322 990
769 250 227
95 802 822
77 30 726
785 13 782
13 930 275
520 725 328
765 322 565
572 905 38
822 778 85
13 575 989
259 223 258
932 830 502
725 21 252
97 286 985
282 635 75
13 575 530
263 4 293
927 529 658
726 895 385
796 672 5
30 75 296
229 58 620
926 13 826
285 577 828
656 306 652
62 10 588
89 302 325
836 852 625
23 580 13
506 958 17
869 39 583
278 56 620
902 965 952
752 867 72
527 500 325
270 10 4
686 568 88
979 326 536
17 957 368
927 598 25
529 72 622
295 625 222
832 969 667
785 785 295
623 885 595
520 59 15
223 962 525
758 97 532
960 21 326
523 529 229
97 392 706
790 232 358
789 93 258
81 208 50
98 238 800
566 958 59
539 626 286
265 15 22
67 526 867
953 327 588
226 7 609
859 857 765
1 1 727
822 226 352
227 19 586
883 230 72
258 293 272
852 702 632
538 62 993
21 752 602
506 386 77
896 572 320
703 568 222
296 786 19
568 786 856
853 265 226
13 992 223
36 782 15
589 15 269
852 235 22
932 16 23
21 4 223
752 322 632
585 535 680
702 560 822
31 81 527
638 963 722
502 72 992
527 895 200
320 800 560
880 85 67
566 520 883
595 567 352
572 927 935
786 396 226
22 805 12
628 803 769
4 328 302
902 295 622
223 683 522
928 928 81
385 577 722
523 596 253
832 52 72
959 36 91
790 963 392
292 252 222
825 785 52
676 956 857
850 752 527
525 280 57
757 279 85
209 257 572
692 228 920
725 252 223
835 286 900
228 662 798
23 890 626
362 728 228
526 206 602
520 935 579
276 589 580
952 305 899
725 4 562
857 13 358
222 235 722
526 972 536
699 608 299
357 769 272
900 270 582
579 258 4
758 592 625
4 322 905
757 669 72
936 938 35
295 606 885
785 235 672
728 629 992
1 389 502
357 4 722
500 13 990
302 823 900
852 22 222
520 700 206
835 228 626
695 257 995
13 595 22
528 532 252
789 576 659
62 722 222
965 886 72
297 982 38
500 237 562
722 232 265
785 27 820
835 51 275
525 15 680
12 606 902
37 5 865
250 583 993
689 225 292
765 959 939
599 503 250
256 928 4
500 527 239
582 21 502
292 705 25
926 620 853
685 306 525
680 523 258
78 252 865
21 537 303
16 282 800
12 562 96
256 908 353
620 775 359
357 75 723
796 21 21
927 79 275
275 357 205
528 853 15
285 388 76
759 72 895
50 17 379
93 699 322
265 267 698
398 528 822
75 580 589
838 21 1
259 19 27
322 593 728
292 272 232
229 4 767
253 227 529
85 802 288
935 770 532
282 999 222
4 590 788
958 926 62
80 28 979
205 90 839
576 229 529
506 962 27
676 828 599
202 993 259
758 839 527
965 752 565
230 506 202
397 296 720
4 225 12
992 16 503
722 675 575
4 695 952
653 508 776
822 222 252
853 535 827
572 72 227
525 957 562
262 265 990
13 678 4
522 307 222
250 87 620
527 222 952
539 7 95
892 256 280
38 953 837
1 375 235
81 825 207
759 89 296
252 522 995
857 4 386
279 537 16
252 902 363
17 832 507
965 590 826
205 590 97
203 725 19
4 905 535
253 205 566
788 393 828
595 352 28
275 505 265
590 76 28
586 235 862
272 253 595
729 268 228
825 759 920
31 15 572
953 535 353
91 21 502
322 236 539
666 976 12
778 922 507
4 598 239
4 57 695
227 62 323
530 752 95
222 850 778
65 576 91
725 267 81
52 588 4
536 627 21
958 22 85
279 228 676
91 700 958
81 896 203
252 21 75
592 637 262
695 778 15
888 650 598
305 1 269
757 995 283
885 16 720
88 993 31
17 535 89
689 890 722
972 902 852
992 625 522
98 59 520
570 862 27
265 606 685
928 220 253
890 657 252
562 275 79
686 529 289
85 275 282
57 16 928
809 852 79
1 309 279
972 852 532
91 399 269
506 275 4
325 752 725
376 697 788
522 752 760
12 920 257
720 295 795
850 200 568
225 12 795
15 93 21
258 505 769
1 250 765
4 253 627
21 67 726
707 82 582
12 937 272
299 303 325
729 578 206
668 239 568
208 66 827
10 280 585
723 266 869
586 629 385
530 57 278
525 15 562
322 658 227
859 582 865
725 397 796
662 70 728
305 226 13
520 825 91
658 267 5
693 960 79
608 665 702
682 275 726
4 959 19
356 785 220
292 258 525
585 650 227
668 666 52
672 285 922
952 265 682
905 722 866
689 258 320
207 285 530
525 590 59
690 725 10
965 602 627
982 320 10
852 270 835
393 329 21
757 788 985
205 595 328
382 623 272
922 602 78
228 520 678
392 222 565
528 350 779
965 769 952
252 890 19
4 725 535
205 982 956
752 397 759
806 367 252
669 992 252
277 62 358
895 16 269
15 852 220
966 660 565
12 607 685
70 835 269
692 10 308
682 636 353
538 907 902
966 635 593
256 835 227
366 753 588
622 795 532
759 239 829
17 859 10
950 227 323
1 10 998
750 582 388
752 565 953
692 772 595
532 765 577
509 230 525
352 327 28
975 51 27
660 62 528
257 279 306
222 282 758
775 27 21
1 523 858
753 568 16
882 87 637
562 627 882
17 953 682
505 532 509
929 775 995
260 995 567
95 962 385
586 632 720
582 263 560
12 572 10
252 857 81
227 278 537
520 230 97
992 692 902
23 957 607
880 19 353
753 12 288
922 15 720
705 393 322
759 580 350
623 928 225
598 309 972
760 58 582
822 250 520
709 21 329
91 835 15
16 322 527
599 259 525
17 52 25
680 262 17
4 652 566
959 509 1
623 520 506
323 882 932
537 322 757
223 12 563
78 92 720
585 985 522
39 12 927
379 652 800
10 585 89
297 528 237
58 805 578
688 762 220
982 226 81
22 680 19
297 4 258
298 560 572
535 92 10
13 526 568
19 72 757
679 929 793
509 635 752
253 588 70
22 328 588
530 302 537
652 506 658
356 4 92
260 65 232
995 839 605
926 585 309
880 269 13
572 395 579
52 4 628
98 200 950
282 572 528
72 326 689
15 893 258
4 750 359
565 282 635
707 72 588
886 602 39
925 727 280
936 222 925
263 757 266
252 720 608
91 862 722
776 625 977
298 958 286
722 939 389
32 932 388
502 888 925
1 595 5
4 790 256
995 256 13
72 15 252
285 59 250
21 926 953
865 860 17
67 956 4
81 92 780
593 356 658
995 522 852
288 28 66
228 595 562
232 85 752
935 529 865
778 4 50
565 658 623
927 27 220
15 538 395
668 926 800
582 259 292
925 16 209
752 696 4
12 997 232
390 753 297
26 720 323
526 328 598
265 17 63
858 765 625
4 81 509
590 19 775
352 727 958
227 91 999
366 277 356
298 620 259
202 232 590
1 925 862
32 572 869
527 606 16
952 976 4
395 525 21
289 367 852
756 929 75
863 567 12
798 58 953
209 779 32
956 1 257
235 696 896
808 600 988
505 979 226
952 529 250
232 16 579
520 569 822
527 12 569
388 21 722
525 826 222
932 329 535
623 30 630
369 27 938
628 757 81
22 722 89
538 506 228
362 528 956
5 665 22
579 95 239
600 90 27
789 857 503
226 4 862
62 860 976
728 727 505
21 768 256
562 222 932
21 592 562
228 58 688
779 679 898
525 295 700
695 369 560
808 63 766
827 325 16
825 992 17
85 576 320
965 829 36
882 600 25
78 359 283
238 782 80
78 902 226
395 4 763
563 235 605
203 322 922
95 226 659
237 15 662
588 827 563
253 305 925
52 225 699
700 809 582
797 566 329
209 529 250
920 272 10
923 389 803
835 62 263
353 52 963
609 722 72
275 509 683
527 207 505
566 252 623
527 378 692
763 505 83
388 258 276
523 980 1
992 695 232
95 703 883
605 523 650
758 680 15
393 859 852
623 367 226
226 756 632
889 500 35
880 256 680
508 722 905
39 657 885
822 253 583
962 520 225
936 21 223
520 31 860
52 4 523
239 82 268
15 625 15
726 4 52
252 535 726
883 527 250
925 272 53
826 977 905
19 862 950
286 50 578
925 225 950
385 852 623
768 965 222
263 529 567
4 275 4
202 702 956
529 91 52
286 582 21
889 763 605
603 697 232
265 223 980
520 326 922
539 570 592
599 82 775
652 707 88
688 722 505
927 10 768
92 320 522
578 382 67
357 523 258
899 822 625
51 932 200
775 389 526
820 909 256
522 675 575
25 625 700
659 588 725
322 635 222
765 278 20
582 568 53
856 322 697
828 285 565
503 893 329
722 835 586
722 682 935
276 568 726
13 29 365
965 595 565
939 70 222
685 765 756
536 656 752
703 73 857
937 857 782
836 15 577
265 572 723
62 356 225
799 257 1
292 385 27
13 299 522
722 16 529
827 28 505
856 672 852
977 985 295
593 683 620
666 385 4
206 285 579
527 522 272
756 72 12
92 585 756
725 385 923
699 859 299
622 256 232
595 588 72
662 289 507
15 793 966
4 202 667
927 775 56
328 302 205
882 52 885
925 12 322
220 75 858
92 572 12
503 62 532
596 623 270
588 35 503
327 695 628
259 4 725
827 562 208
658 500 13
677 883 952
393 759 290
696 239 726
295 836 15
928 1 825
897 989 396
256 632 10
352 223 959
525 365 13
258 525 886
929 568 802
362 81 278
703 605 575
282 17 752
825 305 665
789 792 292
27 920 576
383 508 780
538 358 276
266 885 572
359 882 525
662 525 21
593 58 725
293 262 997
267 570 265
25 575 290
81 209 320
595 603 15
962 253 300
21 51 799
632 790 896
298 758 628
526 707 856
579 523 16
753 895 79
726 572 562
722 353 328
21 932 758
285 390 358
70 507 526
250 329 636
12 899 622
65 639 695
358 207 577
863 758 359
527 1 232
12 12 672
623 808 529
575 502 252
275 902 765
223 699 525
723 720 205
29 280 950
509 652 325
359 508 235
325 225 72
228 22 220
203 91 938
237 959 368
277 522 889
928 383 82
386 226 529
298 602 527
93 888 207
567 322 35
69 860 957
882 576 505
575 893 21
863 4 503
892 253 689
365 752 662
629 279 953
286 857 26
282 782 998
26 1 963
902 283 295
789 836 929
580 520 685
597 203 652
925 388 27
326 528 979
629 12 92
23 658 763
278 757 652
853 627 272
909 970 967
325 52 270
527 657 91
250 56 12
220 520 536
838 859 278
206 565 356
220 566 972
16 675 207
893 629 953
238 202 722
962 352 758
652 31 256
81 259 672
560 682 62
928 500 67
565 525 562
226 858 653
705 726 376
920 203 382
507 75 722
35 4 638
859 19 583
77 505 258
599 15 222
86 367 576
309 22 57
892 20 959
723 520 295
630 572 31
837 850 302
258 81 10
866 565 988
592 852 4
329 10 992
4 590 32
625 590 729
230 682 582
539 777 296
68 652 996
598 752 528
298 67 795
575 927 226
925 282 235
52 657 997
629 295 820
382 576 252
575 232 525
956 532 379
562 80 605
752 279 327
785 660 399
976 630 957
583 995 303
20 63 572
93 956 59
823 609 225
268 603 928
630 225 678
323 605 629
262 220 277
62 202 85
265 972 298
23 708 525
222 757 702
12 279 808
578 952 827
15 72 539
926 522 302
4 775 398
775 375 232
795 582 16
275 762 50
4 5 1
4 21 220
532 21 526
229 627 16
853 930 520
820 383 708
38 727 222
229 290 597
17 4 660
50 925 51
29 680 75
692 825 85
72 602 260
252 892 272
15 21 222
670 200 830
675 227 282
32 665 15
659 202 92
91 838 505
10 585 752
260 80 782
837 853 639
869 692 82
590 56 308
523 285 16
206 958 237
632 270 906
662 902 985
303 720 38
563 1 538
825 560 535
625 709 272
228 765 882
268 35 808
88 20 630
262 528 765
768 883 37
21 828 859
279 593 853
768 63 525
320 52 638
56 685 292
362 87 859
729 322 939
709 926 23
580 57 323
57 530 327
378 567 17
7 13 983
267 570 262
62 288 17
622 992 952
256 852 929
527 590 28
588 923 29
289 279 598
690 92 750
92 762 976
697 525 703
280 307 586
920 89 898
568 590 306
21 953 582
207 932 17
265 209 16
535 626 858
777 589 292
625 75 762
4 996 52
686 395 808
975 282 17
72 865 562
677 567 26
262 19 530
522 592 262
272 857 528
753 359 10
562 536 266
252 39 25
728 678 520
305 998 1
990 19 928
726 21 15
297 369 936
695 966 202
720 352 696
632 4 503
522 203 13
995 850 956
239 328 15
928 585 528
15 226 903
37 263 21
21 70 237
4 285 29
258 839 32
605 860 295
51 31 252
17 60 578
17 379 572
829 99 625
752 225 35
570 77 222
635 21 956
839 925 965
376 507 857
970 966 257
326 858 627
208 297 62
93 622 683
79 30 17
77 889 223
569 788 326
205 529 536
285 538 993
866 522 209
4 325 359
250 305 83
670 600 568
31 699 292
27 523 16
653 502 230
302 922 263
653 797 630
597 58 95
67 852 65
999 535 350
259 85 658
656 225 620
92 253 957
858 886 322
265 13 770
399 632 252
279 62 265
320 592 620
608 81 662
20 505 598
672 523 622
365 81 50
30 12 636
963 575 959
659 606 258
822 963 999
977 309 70
277 15 306
569 659 952
705 925 600
1 575 675
577 230 628
258 85 266
882 12 765
528 686 628
922 957 237
85 603 702
4 897 698
398 29 296
30 760 279
209 269 232
982 572 226
589 759 292
823 666 976
21 532 4
922 12 528
538 568 10
686 926 858
10 220 523
957 525 279
277 329 528
589 277 762
83 91 925
762 323 30
95 270 296
667 525 682
539 272 727
31 563 976
728 956 929
857 865 525
708 579 669
50 202 575
358 886 935
658 692 239
278 525 16
288 607 658
882 276 692
527 635 979
982 530 265
759 563 535
653 15 280
856 886 91
607 963 4
592 579 525
637 693 388
202 325 982
869 12 235
263 4 569
922 286 859
963 880 280
35 522 206
952 922 263
392 565 650
662 938 895
975 563 295
35 252 200
4 856 51
703 282 357
825 508 26
56 767 526
15 300 625
802 505 585
70 790 93
897 1 669
589 12 297
795 803 356
623 292 17
225 585 723
856 27 952
79 52 202
72 87 723
626 595 239
302 763 562
265 622 820
650 25 858
656 526 997
669 965 827
62 898 1
295 70 626
529 753 252
683 762 5
209 56 802
799 235 305
592 382 880
272 795 67
976 375 17
368 522 272
853 357 765
726 13 21
656 502 4
232 585 362
726 778 230
983 81 605
222 19 522
52 4 81
202 958 22
728 295 99
860 602 295
599 259 328
12 17 21
280 81 25
250 588 222
523 279 12
265 675 269
560 526 207
385 1 592
652 59 893
285 920 828
57 905 852
650 626 699
25 702 575
825 829 276
822 308 81
536 4 938
307 253 923
296 207 96
12 832 600
67 769 220
528 666 88
325 829 280
827 21 852
629 525 69
602 857 860
675 759 523
365 239 200
12 695 857
952 350 686
539 15 252
4 385 823
286 837 81
25 13 206
575 225 357
266 72 538
225 63 21
720 572 907
725 507 5
779 962 225
785 259 522
257 635 4
998 203 259
526 526 752
898 705 582
750 925 566
752 277 823
380 525 586
532 4 570
809 723 856
238 79 562
565 225 262
358 827 627
856 860 680
765 350 328
376 57 925
320 567 520
239 202 4
820 276 856
528 70 652
5 953 825
530 329 275
663 272 622
20 828 857
822 228 772
52 232 82
656 952 756
527 7 228
606 677 578
395 262 792
205 203 560
289 302 227
703 759 602
535 685 803
7 205 725
377 398 38
302 72 762
965 329 525
505 689 283
695 70 52
27 595 658
257 250 97
16 883 952
379 363 232
363 67 10
972 25 962
522 592 357
36 15 12
228 4 765
537 565 752
267 953 820
523 675 998
865 257 367
689 258 399
929 562 598
390 582 532
5 927 535
672 72 392
976 65 726
592 857 925
602 892 853
350 229 820
290 520 205
4 282 532
850 207 15
680 588 722
220 220 822
939 352 292
72 925 602
12 525 1
502 958 522
800 578 58
653 28 250
4 592 385
677 626 12
205 228 525
279 98 506
722 950 565
706 225 759
706 830 85
865 237 359
765 978 802
658 832 729
4 858 857
625 16 902
275 950 256
352 359 256
305 526 258
869 728 372
367 922 595
85 282 250
822 288 352
232 522 21
297 905 20
667 70 539
529 97 70
586 576 98
970 56 772
4 995 607
265 869 299
58 352 369
56 776 608
79 51 259
880 792 91
91 888 36
927 372 772
17 239 91
580 205 508
4 729 978
723 227 21
226 905 31
758 77 756
766 285 323
969 665 253
622 1 765
275 577 522
5 10 622
298 225 26
699 652 599
220 352 770
276 38 683
25 292 709
72 563 898
562 790 952
695 283 1
502 909 226
836 328 528
81 322 85
320 562 27
825 205 266
12 12 706
780 383 569
925 223 362
225 526 807
378 865 58
756 798 96
885 585 258
637 23 200
707 656 997
583 290 630
627 209 295
285 763 592
229 762 809
17 562 70
21 12 595
537 908 522
265 1 282
286 975 958
52 805 256
523 83 792
57 286 505
367 988 220
526 323 85
19 965 757
862 253 366
223 802 936
889 602 1
982 50 320
832 922 522
262 21 589
936 728 585
722 60 13
950 598 809
532 290 19
522 889 229
72 990 820
592 653 396
302 662 366
972 792 835
58 298 597
965 850 990
622 290 723
85 36 270
37 938 578
727 19 837
650 509 10
593 1 237
225 10 259
230 289 596
593 952 28
298 680 798
93 328 17
562 972 928
762 585 525
783 68 822
57 4 903
935 862 522
77 89 235
236 938 720
590 15 10
652 22 638
266 253 722
20 1 12
657 707 236
295 239 975
726 290 275
938 656 932
532 359 809
269 582 36
922 585 78
852 952 752
29 930 965
676 256 709
779 625 825
4 507 575
4 282 235
962 782 1
525 562 326
286 226 228
91 802 776
27 695 98
907 657 727
68 295 93
225 10 96
76 13 522
525 278 995
595 207 939
536 595 223
797 238 829
572 627 862
590 376 222
290 583 393
858 829 283
665 372 21
525 988 1
889 757 905
27 976 36
585 305 570
776 582 606
775 52 886
720 235 575
358 13 927
350 285 202
850 508 922
629 528 265
286 225 586
28 652 16
286 569 880
91 4 728
17 507 995
692 272 592
382 539 21
13 627 307
753 223 565
529 229 723
4 580 508
665 566 21
829 669 21
572 78 575
12 377 695
4 70 793
4 920 22
93 270 982
22 13 578
289 223 658
80 256 300
889 356 208
560 525 825
528 15 667
92 220 298
272 15 1
627 22 252
525 926 857
13 670 722
1 607 529
81 272 75
19 562 508
682 505 677
4 857 385
593 862 15
575 825 926
21 76 563
365 750 757
822 570 367
675 522 16
630 352 538
772 370 538
377 726 222
13 350 4
239 975 978
257 68 729
356 296 776
290 4 91
522 395 277
31 983 888
370 829 522
563 777 768
595 56 207
923 237 965
4 527 283
1 272 4
992 753 922
788 935 959
12 685 365
21 77 276
322 783 563
4 206 25
21 56 895
12 937 4
77 696 528
222 528 305
572 598 527
950 385 206
856 257 839
950 4 823
392 602 202
997 382 626
292 386 862
253 695 822
729 537 762
829 956 903
852 238 952
765 523 13
956 226 777
669 259 890
588 652 220
795 250 565
536 672 272
585 4 766
237 379 672
393 985 235
52 77 21
757 597 95
692 299 1
222 859 63
275 51 528
565 825 362
227 206 23
678 725 60
232 69 399
57 13 21
525 759 252
35 502 925
256 957 570
708 232 575
505 589 353
220 205 828
703 575 829
225 320 350
4 263 683
599 295 265
289 862 983
297 326 723
238 565 667
786 236 21
680 352 995
76 269 272
825 1 236
662 536 796
863 262 236
756 562 397
21 529 937
289 39 995
222 522 523
207 928 968
12 570 856
968 359 4
375 220 19
632 753 25
925 636 622
538 527 299
656 895 92
309 26 622
868 680 537
228 503 272
223 27 825
17 1 272
235 12 582
266 369 235
22 230 372
660 267 925
809 568 17
222 75 825
562 850 622
575 389 239
260 727 522
67 828 585
523 997 632
222 202 253
669 300 26
535 13 392
599 662 65
525 98 985
256 752 90
580 277 759
293 958 328
21 725 952
920 776 852
266 565 51
570 7 995
398 4 502
568 12 883
698 639 252
835 527 200
75 828 858
57 22 727
527 565 225
272 868 367
596 859 979
778 222 382
275 377 832
220 525 695
209 507 267
53 895 17
379 12 586
10 17 892
822 17 296
923 59 22
656 529 897
252 857 4
665 232 207
327 522 362
225 10 685
979 230 672
526 865 389
257 692 528
67 952 22
4 359 885
967 972 12
52 353 670
522 529 69
262 725 529
222 829 907
208 83 985
959 572 208
908 726 1
206 952 359
525 1 296
275 727 502
629 21 529
305 25 580
692 262 956
928 932 527
4 829 235
585 362 4
926 793 353
593 708 4
520 923 392
57 577 652
522 352 632
235 599 1
799 975 837
22 669 395
26 207 237
278 567 4
582 292 720
750 935 256
968 328 25
962 938 672
965 605 672
352 760 635
752 923 985
358 853 853
858 632 795
677 527 750
825 297 722
58 658 927
529 239 209
289 563 752
728 275 896
250 286 625
760 209 21
579 236 226
566 532 27
502 565 98
266 590 376
393 277 539
220 582 538
252 952 575
253 296 525
597 568 225
80 897 522
528 72 302
19 81 392
282 30 982
900 72 27
250 357 665
852 307 502
929 79 386
637 302 505
759 899 592
778 963 978
256 275 562
229 859 592
236 19 87
699 836 382
29 358 930
862 752 665
67 905 727
80 228 500
750 25 759
595 722 272
635 27 935
329 928 257
682 81 225
52 682 22
232 970 13
776 625 225
695 723 880
225 52 4
929 539 328
998 823 73
277 230 577
277 922 13
905 375 666
292 853 726
81 232 772
932 229 220
305 52 502
960 638 15
76 772 359
925 635 292
12 250 527
28 632 727
927 225 296
222 539 15
522 522 257
758 52 863
580 17 885
789 52 272
570 62 275
1 21 522
289 256 932
925 793 277
586 850 695
672 595 10
82 660 528
352 995 253
369 729 900
939 290 323
803 925 525
985 670 500
4 865 636
658 21 935
92 522 27
27 535 300
767 235 522
722 967 288
823 222 803
230 535 588
767 252 883
658 38 235
395 600 672
25 622 579
69 5 725
272 983 599
978 522 230
253 1 829
905 325 369
936 678 809
702 595 282
923 895 522
228 82 728
702 760 256
693 575 12
229 585 15
665 202 998
992 72 720
4 902 285
298 527 726
950 229 38
923 51 535
81 567 593
895 227 253
626 19 762
593 252 4
252 266 205
676 202 600
66 29 620
865 299 76
298 91 252
838 235 205
598 600 262
285 925 28
692 568 1
72 952 35
253 885 529
225 222 83
826 696 329
252 905 705
622 386 530
58 366 958
365 523 588
252 81 260
350 68 92
50 93 685
952 322 15
802 72 29
792 857 639
260 563 650
295 722 282
759 757 628
993 678 393
275 12 4
576 220 31
7 278 4
1 527 582
297 12 972
81 82 225
620 656 225
56 502 690
565 13 12
803 853 270
256 228 4
225 532 636
528 967 5
390 806 670
528 96 282
69 709 572
30 51 920
722 252 582
590 25 779
867 536 232
57 252 560
383 252 200
358 726 799
532 527 39
580 726 289
372 988 595
357 572 200
699 227 290
899 772 239
902 593 988
728 598 1
678 520 635
906 509 370
992 95 60
209 620 652
50 268 828
562 200 800
566 922 858
867 928 372
272 80 623
16 267 523
205 639 95
669 52 76
926 852 1
392 576 19
895 232 13
578 528 530
395 852 672
75 19 805
229 595 1
1 268 522
576 4 257
885 852 605
537 825 296
800 835 866
959 522 852
768 528 32
365 37 72
57 320 578
252 895 592
883 972 52
858 252 392
972 895 16
627 729 660
602 700 322
675 4 309
522 790 285
276 26 58
697 525 368
325 382 15
382 990 720
298 292 532
705 366 278
777 360 672
503 858 263
207 998 802
852 27 703
20 592 960
895 898 525
302 925 259
752 21 15
363 15 577
888 363 237
15 12 51
98 562 51
562 525 829
607 288 963
625 628 15
302 77 225
565 568 56
898 393 78
12 795 660
19 253 27
697 759 853
509 322 759
728 635 857
578 722 323
623 58 305
399 91 805
956 35 503
953 302 902
27 999 797
21 822 52
528 583 1
978 202 725
525 577 4
927 270 366
625 285 769
960 21 589
306 68 772
863 828 252
508 226 260
363 39 292
21 532 565
16 21 825
526 805 352
72 353 925
525 256 265
659 4 529
928 22 979
383 859 16
36 228 21
583 280 632
293 825 322
205 692 298
327 622 823
603 288 860
679 509 686
262 695 375
52 392 567
693 780 203
639 288 252
57 292 523
620 52 393
932 286 15
729 10 535
905 525 988
679 4 863
282 982 326
883 675 4
297 959 385
228 522 608
385 835 650
207 292 523
820 31 977
957 38 795
322 225 639
782 285 227
902 830 202
5 652 883
759 12 27
205 753 82
665 222 953
502 202 17
81 277 502
25 10 939
595 327 263
92 975 202
592 575 69
352 30 809
28 290 805
823 792 16
262 866 10
323 252 266
4 937 230
820 205 925
320 535 575
4 832 508
276 900 858
72 982 700
13 952 522
253 19 635
679 503 16
235 892 695
893 835 4
239 752 272
953 707 825
922 928 502
208 507 292
307 505 629
27 566 253
952 793 4
568 728 205
526 689 52
58 57 329
57 285 81
625 200 757
859 665 10
929 75 852
985 832 883
975 765 525
4 256 727
1 892 65
57 205 532
925 705 75
530 232 75
999 252 228
662 835 280
667 535 375
765 78 536
582 535 283
395 307 603
562 586 650
867 536 266
222 4 890
956 903 653
225 589 677
352 252 362
539 278 709
829 21 82
850 325 675
232 25 235
905 583 262
209 65 658
13 722 528
25 597 528
28 276 95
250 69 566
532 560 81
81 923 680
21 595 657
827 938 759
76 653 576
702 532 239
536 350 232
582 932 25
988 963 225
1 57 502
253 725 588
29 282 252
327 252 31
585 893 81
725 562 26
13 806 839
728 575 527
226 595 605
237 505 36
275 15 507
253 795 19
81 22 890
222 753 1
392 1 862
572 623 923
629 292 80
258 505 20
352 535 39
37 968 590
636 535 828
4 225 226
1 308 937
527 276 537
978 586 293
17 15 638
976 862 920
259 560 637
58 293 358
535 207 329
956 986 227
268 1 51
285 292 950
579 25 780
702 320 80
565 286 595
12 91 56
357 225 839
525 686 256
272 202 250
935 16 50
51 306 272
309 962 789
770 322 753
92 507 299
536 222 578
223 535 25
90 536 565
892 722 827
529 352 708
758 299 982
703 295 599
822 509 385
529 267 529
822 257 206
950 522 12
577 925 520
82 957 650
79 81 239
956 586 857
200 582 327
689 10 705
266 253 653
263 589 860
53 252 838
207 72 357
782 892 279
26 92 572
822 752 672
758 750 62
389 576 650
632 562 53
583 257 639
59 595 992
606 675 12
16 825 393
925 367 663
832 279 862
4 705 562
565 756 626
250 91 525
956 1 637
525 829 885
929 703 52
805 27 562
16 685 250
828 265 353
605 235 96
575 532 783
759 506 660
592 75 4
679 825 91
89 222 27
663 852 703
629 235 83
636 978 223
229 858 270
632 829 227
997 253 377
327 97 908
72 392 232
1 295 15
397 992 206
628 57 21
225 4 285
599 786 822
522 859 506
97 258 252
21 953 295
225 976 505
237 292 997
562 12 16
765 12 827
566 253 650
362 705 728
982 858 17
757 775 328
17 528 252
857 15 392
12 866 228
12 31 565
778 39 250
982 4 13
792 379 289
227 69 375
560 522 83
509 502 305
766 698 56
789 960 653
768 678 982
51 622 728
12 835 253
590 632 523
625 209 963
832 858 1
722 259 352
697 265 222
856 235 85
203 390 763
835 729 622
937 81 680
238 320 4
282 805 283
602 202 769
27 292 806
507 4 753
937 226 295
822 202 269
528 763 285
5 227 828
523 92 592
636 228 38
205 932 722
527 320 535
265 235 892
900 268 579
259 725 782
205 850 10
303 592 703
976 622 590
982 258 866
695 227 205
565 723 653
278 632 256
505 285 227
532 766 227
32 359 352
4 322 786
576 4 902
566 956 657
823 999 300
959 506 52
827 200 308
829 205 589
356 757 288
702 365 595
66 258 91
298 526 362
858 785 227
957 268 52
250 565 236
325 680 229
293 652 73
19 252 79
19 627 903
12 788 205
788 988 902
203 565 207
593 728 858
16 15 223
822 585 822
959 665 622
702 975 21
25 257 203
535 595 795
328 81 865
850 832 588
898 268 720
81 21 527
526 21 253
669 4 592
302 298 270
569 395 17
326 793 825
359 226 526
785 27 70
226 832 652
762 595 597
566 803 620
725 252 925
295 238 67
823 702 97
575 599 658
295 652 832
998 4 699
50 269 609
223 295 965
352 575 853
237 285 727
225 863 272
21 578 525
4 275 259
582 526 563
202 653 990
238 257 602
1 10 958
229 228 253
225 908 632
952 58 807
63 560 307
698 235 565
83 772 229
283 958 357
765 222 23
657 526 525
365 676 398
259 17 256
1 795 937
21 626 835
930 805 57
292 828 977
725 385 837
507 530 286
753 232 302
658 925 362
696 939 252
723 259 12
326 91 776
7 888 356
225 322 1
83 21 507
360 953 15
637 620 385
908 885 360
696 623 285
799 59 757
725 228 323
290 21 722
295 656 632
722 529 223
258 270 835
565 599 292
62 569 832
222 772 885
526 936 792
822 225 7
21 562 62
690 278 21
782 256 569
358 560 892
87 922 328
21 522 950
285 205 262
905 27 863
522 956 509
666 289 698
13 275 785
565 15 825
225 300 235
862 228 899
828 93 723
725 603 779
20 972 207
4 629 772
4 757 862
756 932 12
52 276 503
672 285 26
996 279 253
12 772 680
258 635 565
1 659 252
309 728 522
626 507 265
292 728 23
520 667 205
822 360 4
4 685 820
4 527 235
672 225 285
295 327 81
283 520 290
665 382 51
767 992 372
595 269 575
803 256 53
37 657 677
688 676 58
625 528 625
962 632 526
698 965 537
577 705 626
520 785 657
253 666 395
526 1 532
756 275 25
652 520 957
262 729 579
21 525 950
27 889 932
97 592 69
386 208 25
91 950 690
562 38 329
522 383 962
922 278 867
565 15 665
500 577 292
22 685 368
263 12 282
526 859 285
528 672 575
685 599 695
560 235 85
828 836 51
82 660 522
595 835 525
652 628 508
859 95 259
808 653 980
828 952 667
703 67 729
529 759 582
507 526 770
599 950 277
91 685 17
226 966 860
529 209 603
537 259 352
72 560 706
625 893 72
677 525 19
560 752 256
308 805 727
502 625 762
972 327 79
91 567 288
1 502 90
725 836 85
899 370 27
329 295 672
650 353 529
802 729 928
569 523 10
722 256 27
285 935 826
359 322 757
679 91 1
293 539 599
535 253 39
657 507 297
598 1 979
206 925 380
523 230 863
626 252 935
525 305 380
95 270 783
569 228 826
266 290 382
883 892 252
22 60 675
238 666 32
777 792 365
202 953 595
925 67 293
956 936 235
577 83 262
51 230 17
4 527 222
595 4 592
226 629 258
925 650 256
302 753 275
259 51 16
272 4 663
228 590 567
685 722 36
820 565 667
323 252 1
56 288 290
625 15 236
922 535 667
682 396 252
526 659 1
500 15 799
259 57 692
328 272 802
268 529 329
502 78 16
892 895 297
289 696 663
302 936 796
295 997 253
632 867 722
507 985 722
16 72 19
272 572 258
922 500 60
958 925 22
53 21 695
272 26 4
257 502 902
75 795 529
227 352 259
302 352 582
302 228 325
392 4 625
237 73 672
523 358 590
379 522 12
865 575 797
60 535 532
528 922 905
575 785 13
75 995 860
708 938 70
223 327 62
295 229 639
263 80 936
36 909 656
509 925 53
763 808 752
383 228 322
763 782 382
290 959 525
838 770 322
265 935 15
352 4 600
81 690 239
785 675 985
969 583 907
72 695 757
938 320 275
803 579 22
989 527 623
596 52 222
865 239 720
27 17 505
262 786 205
507 820 502
528 375 565
635 566 235
608 256 500
15 762 527
620 365 822
527 27 825
853 4 995
857 962 756
589 979 52
393 253 202
4 653 986
362 225 796
25 66 823
31 292 982
985 922 957
925 822 292
679 220 256
828 775 32
898 236 16
583 900 308
769 925 929
668 885 956
267 82 263
602 297 669
62 4 599
227 285 522
628 790 536
995 528 259
228 593 328
775 859 725
889 21 325
578 930 977
276 925 57
85 4 26
862 682 12
78 825 560
12 672 602
360 882 17
952 38 228
635 378 565
356 526 520
830 69 503
258 51 296
562 526 230
822 509 785
720 51 729
295 696 276
4 830 865
662 952 522
322 4 930
21 922 565
825 16 860
826 762 923
4 952 293
12 326 825
79 258 823
522 758 622
978 5 232
397 82 269
32 4 696
229 258 260
288 906 388
31 656 253
372 226 52
363 76 598
29 630 222
882 775 660
630 822 208
7 676 535
525 12 4
699 972 658
522 51 4
283 669 532
589 85 270
568 81 98
203 682 239
320 729 10
52 357 95
826 570 81
923 258 565
527 652 7
925 589 359
229 500 352
259 225 82
98 269 825
399 292 520
525 726 1
22 262 262
863 53 30
797 368 509
922 202 256
576 227 75
835 253 639
852 683 73
583 12 279
603 4 525
4 229 27
583 272 507
985 692 366
1 802 667
350 922 857
4 665 57
798 256 360
237 979 1
253 975 626
525 79 97
709 17 263
532 568 597
922 590 538
980 627 258
19 21 900
835 626 865
772 797 503
789 288 5
897 595 709
29 703 620
657 853 922
527 932 688
92 367 927
583 697 532
592 75 795
803 826 327
220 708 22
572 575 257
622 568 226
202 265 565
285 960 525
802 679 4
623 389 326
527 505 275
226 282 15
225 952 68
4 609 288
395 565 828
623 259 528
277 12 35
857 705 4
10 956 522
785 623 522
262 769 298
563 91 896
806 51 279
608 722 963
683 256 569
572 522 225
25 12 886
57 900 726
279 529 398
1 270 797
620 368 238
17 857 83
650 15 230
562 800 675
85 307 706
59 226 572
208 529 925
13 265 805
12 357 923
722 359 220
567 950 758
783 625 87
978 285 388
960 929 297
983 528 953
13 357 692
279 990 958
399 16 50
20 285 4
885 822 725
765 975 708
227 778 53
585 57 920
682 252 275
702 220 505
768 865 653
225 826 357
222 357 828
938 595 236
369 520 257
525 852 920
91 295 935
682 675 506
32 705 722
839 225 565
586 200 752
50 270 725
92 600 753
927 66 688
589 522 286
525 895 532
670 957 383
52 323 295
35 76 285
789 28 227
17 81 50
327 898 592
326 520 828
960 276 602
823 565 80
766 222 606
932 272 25
13 280 262
865 575 507
537 997 4
862 252 690
998 562 232
599 535 598
225 825 536
560 229 298
236 508 985
982 588 17
605 672 269
525 658 322
229 258 897
999 692 80
269 525 502
288 276 957
220 228 825
356 897 92
772 653 830
302 662 588
883 262 837
822 595 13
803 679 72
570 826 229
922 520 362
207 653 259
502 782 21
353 659 51
202 52 765
292 680 222
775 1 975
22 305 276
252 608 220
985 583 725
207 888 4
382 202 925
769 21 220
677 392 600
759 223 609
595 505 638
822 203 296
83 280 906
782 4 205
538 4 269
592 670 688
296 779 22
575 885 506
802 252 597
13 380 727
680 998 21
502 756 19
639 685 4
56 205 530
397 672 237
12 265 859
506 256 30
765 829 957
25 202 596
538 238 567
759 286 1
637 522 589
37 528 925
322 805 606
995 828 775
627 228 328
766 677 375
525 297 668
762 575 625
925 4 17
327 956 628
81 368 52
327 99 775
220 705 356
805 4 599
508 16 203
696 269 228
852 228 83
536 205 752
582 838 828
1 15 656
586 722 526
73 229 50
275 820 52
772 235 259
723 1 580
21 250 526
922 206 952
21 386 366
682 977 965
82 372 679
965 353 1
963 895 583
592 725 380
856 302 4
678 203 993
592 299 4
237 203 207
602 290 776
275 76 16
82 23 585
525 767 923
582 762 966
225 925 979
4 656 792
85 782 235
897 572 975
75 81 228
57 81 958
596 27 653
12 19 522
327 930 21
729 782 205
275 567 722
638 91 230
535 253 572
829 602 1
205 4 975
756 22 782
4 72 12
562 378 866
270 67 775
29 672 88
653 21 22
32 868 882
327 390 35
85 35 232
836 676 632
250 927 205
722 22 91
727 372 4
28 375 72
756 17 852
222 595 505
832 528 577
583 622 21
922 678 257
295 789 382
72 89 803
4 605 325
226 835 275
25 532 802
15 698 207
302 825 770
308 826 609
76 675 597
720 523 369
52 757 825
323 823 592
576 508 259
7 285 809
286 205 22
262 27 957
21 808 505
690 725 12
972 227 905
12 78 76
932 30 993
232 769 279
985 995 958
12 222 858
889 757 852
965 757 78
226 377 595
352 525 38
865 272 659
267 328 21
230 935 305
922 67 979
285 220 830
1 837 698
765 295 238
663 652 205
935 502 770
659 91 20
253 269 322
202 4 21
1 992 695
603 369 652
638 525 596
996 866 505
269 502 529
596 353 15
12 529 396
202 788 58
696 522 702
12 96 950
16 51 10
683 507 4
596 360 57
357 703 275
883 782 85
379 797 275
756 662 625
15 965 532
502 593 357
98 12 208
999 270 15
378 532 22
675 905 532
15 997 823
692 13 923
226 39 728
257 628 81
13 726 268
58 657 885
827 606 786
825 952 560
15 932 4
228 672 869
727 270 859
653 50 828
80 359 263
368 562 825
567 56 290
992 822 296
223 539 659
950 865 585
296 623 322
759 19 882
51 968 50
200 520 605
70 229 856
500 986 576
936 779 238
81 625 725
575 899 856
252 363 588
4 822 375
835 672 205
4 209 702
525 822 262
765 359 4
79 292 353
526 395 89
60 570 302
525 892 937
832 963 207
99 575 232
695 292 720
962 267 226
596 576 668
258 362 10
920 31 78
270 700 906
932 4 532
52 578 935
87 226 535
675 88 785
588 17 17
925 50 362
535 17 905
327 252 21
225 15 520
770 922 262
953 308 525
290 39 593
592 907 32
532 603 579
32 952 92
275 329 257
580 959 823
285 783 822
505 570 702
69 21 700
799 252 538
893 300 12
70 385 620
826 15 606
12 967 66
253 660 992
777 282 389
53 79 752
526 325 263
767 975 890
869 226 205
659 537 202
506 20 593
235 258 622
753 959 809
226 256 290
15 13 4
225 785 4
15 81 607
365 529 839
679 95 4
729 52 992
272 4 350
4 386 228
902 923 780
92 529 323
852 937 322
280 357 99
15 53 293
506 825 567
253 832 922
595 31 62
565 562 225
209 822 695
792 503 905
588 209 15
977 595 503
635 502 625
588 692 260
860 532 592
285 922 23
537 772 52
285 662 270
356 609 822
928 21 978
627 12 995
309 562 865
228 522 990
859 957 530
677 625 228
662 265 639
306 888 228
15 51 807
509 51 267
850 532 290
320 202 959
202 577 59
15 21 286
10 352 386
720 268 353
952 96 296
766 1 536
222 288 729
892 727 7
15 229 262
825 752 852
32 15 992
982 596 92
575 808 929
608 606 527
650 326 638
985 386 267
67 823 585
52 220 525
222 690 38
293 85 825
589 359 727
889 706 865
21 253 808
53 15 357
222 225 60
888 10 869
958 632 226
905 652 68
675 620 21
656 796 91
793 207 593
21 15 230
392 527 797
57 222 51
208 532 869
988 206 525
19 806 292
560 76 51
203 560 17
577 869 909
293 528 283
52 229 663
528 15 202
39 529 792
1 21 795
72 775 865
20 252 867
23 89 385
986 862 927
577 965 500
502 656 682
236 796 572
600 4 883
562 257 593
17 375 76
767 70 759
567 39 360
668 958 98
528 520 91
272 603 658
527 1 527
262 378 207
678 983 523
520 1 575
225 675 262
202 922 890
503 776 12
226 777 625
208 295 767
625 85 390
695 985 258
659 270 282
12 932 903
253 653 350
298 529 563
23 653 16
580 22 606
768 823 203
27 225 705
909 82 380
265 952 672
229 72 625
222 395 329
795 500 4
927 82 76
566 803 220
658 22 205
530 608 21
582 926 532
35 269 65
383 922 800
502 668 952
600 998 868
220 225 353
398 397 272
285 535 363
636 79 982
607 653 935
808 652 899
58 626 595
530 91 19
307 956 960
81 73 525
320 286 302
17 660 21
767 920 656
923 979 272
606 507 262
852 51 292
595 253 570
525 51 56
599 985 629
277 909 362
222 583 225
862 15 785
538 629 802
925 978 807
5 628 822
30 686 21
530 228 352
728 352 19
12 785 599
209 852 279
929 907 27
208 576 265
259 205 828
67 567 52
526 258 822
28 250 292
256 367 31
576 275 820
262 926 4
225 21 567
570 302 67
268 565 305
265 672 765
658 82 992
509 228 308
267 772 4
920 223 566
969 298 326
999 563 775
89 262 200
22 250 13
837 91 925
222 265 927
838 276 365
785 920 357
295 1 203
589 982 7
825 523 706
207 595 789
529 397 903
252 528 927
506 767 227
36 980 278
392 15 829
235 27 632
560 5 225
375 72 693
357 853 16
503 752 785
780 566 532
230 237 675
532 225 936
658 269 678
69 1 583
4 630 277
688 200 79
205 20 859
92 575 235
523 205 992
508 225 352
285 91 206
709 4 22
50 577 80
969 965 62
508 670 805
323 10 58
225 392 237
572 937 372
528 970 65
200 21 51
298 780 1
395 995 203
657 226 16
323 21 525
4 827 323
522 375 709
225 775 229
282 526 970
225 890 286
659 983 867
31 95 19
822 707 608
13 957 790
527 760 272
907 902 258
907 639 806
522 25 207
622 700 289
729 237 963
905 307 23
632 252 353
525 225 978
17 10 396
258 799 259
289 577 562
79 827 91
352 10 795
51 858 19
897 225 623
585 675 868
12 582 72
569 657 259
596 12 956
722 288 15
27 663 529
820 762 950
602 528 68
265 826 4
672 805 262
836 858 360
20 302 297
595 368 599
19 859 237
72 17 725
688 5 223
308 560 202
729 225 13
727 702 590
232 256 602
568 250 81
60 26 392
21 965 838
68 280 297
522 880 979
609 502 52
725 92 256
982 925 682
588 632 856
366 98 76
953 925 605
650 885 885
929 222 72
58 822 729
889 358 838
568 728 235
568 31 662
758 970 932
58 21 350
13 832 920
225 567 668
585 866 508
390 990 578
505 508 323
565 953 4
627 922 289
276 327 299
4 232 670
13 75 728
678 256 535
82 595 4
299 678 325
727 776 306
827 527 600
835 237 606
79 362 572
267 532 4
259 807 507
500 798 663
272 10 522
729 950 792
582 275 590
582 990 81
928 929 675
229 865 253
376 665 28
706 829 928
352 222 225
925 788 290
52 15 288
882 85 39
279 276 21
979 12 308
765 858 205
399 227 972
4 765 269
56 753 200
602 680 292
709 266 15
295 503 259
322 323 250
229 269 328
902 27 685
239 822 362
275 1 327
269 682 669
975 256 17
239 362 626
292 228 77
597 662 752
799 397 595
367 295 728
290 396 237
325 235 299
750 21 91
76 250 362
836 92 19
895 390 586
325 762 622
207 252 81
588 908 638
505 282 222
776 562 283
323 572 586
15 992 399
560 4 930
590 675 692
320 19 263
685 26 527
322 853 963
278 227 25
27 283 377
91 386 4
225 957 263
723 85 323
566 1 57
325 777 388
298 656 892
725 822 635
575 722 270
289 575 622
903 262 62
12 280 31
265 922 750
12 975 505
272 565 93
956 583 282
702 729 386
679 52 21
4 302 896
98 985 56
975 91 903
298 697 502
627 928 85
589 19 357
603 779 627
996 57 629
682 822 237
299 956 665
708 856 21
4 572 368
16 352 57
752 523 1
262 4 502
796 260 21
327 665 998
588 72 235
689 523 1
59 650 702
252 969 827
280 1 305
758 560 829
207 685 975
903 572 1
239 985 506
270 91 802
269 995 922
502 222 959
228 592 589
10 252 568
720 836 256
822 303 13
12 285 965
882 885 750
63 595 327
809 927 239
622 957 562
650 4 785
852 592 15
51 21 789
278 12 592
51 585 539
4 880 722
228 835 93
970 930 362
806 265 963
16 835 397
15 21 283
968 788 852
593 19 228
925 375 200
293 290 752
12 939 925
522 929 897
51 202 10
977 19 272
372 753 888
12 625 92
228 853 722
58 15 302
576 222 577
522 280 25
582 706 288
952 23 863
293 235 997
675 82 302
922 652 823
862 207 572
962 272 225
286 672 627
225 522 578
605 860 636
828 85 528
623 569 23
689 209 62
778 582 775
207 763 569
21 720 796
12 81 857
520 306 928
15 236 562
885 725 362
528 922 356
4 775 1
225 366 296
525 362 280
525 382 87
25 21 922
230 4 4
532 500 923
21 280 19
529 752 606
297 563 366
56 567 605
839 785 892
859 52 592
78 59 525
329 78 57
205 528 765
5 888 507
523 925 285
91 252 323
927 860 725
22 566 267
760 263 32
358 308 567
328 302 209
1 27 523
998 535 776
883 22 628
799 305 222
252 802 206
970 259 1
21 10 15
51 895 68
1 28 292
525 202 17
625 322 600
586 905 15
639 52 589
222 22 989
852 292 58
823 222 322
15 920 222
509 12 56
272 76 360
672 295 895
936 257 652
966 727 903
535 900 90
292 229 528
767 569 699
835 625 965
520 620 282
4 392 676
652 775 59
209 637 299
263 53 16
585 652 376
722 227 277
1 326 659
226 590 579
362 508 896
766 850 990
502 725 78
232 802 683
226 989 670
226 596 889
825 883 272
693 21 279
726 622 292
10 692 292
57 382 863
720 530 257
996 953 4
893 532 888
222 522 259
86 857 63
253 25 385
909 985 757
685 10 528
359 997 283
529 228 4
792 59 666
895 588 763
720 30 523
579 582 775
650 905 15
605 522 858
263 628 627
235 937 70
4 285 665
51 22 959
532 292 950
66 827 972
225 935 952
81 70 825
526 27 10
357 285 653
890 793 21
358 265 765
326 372 21
578 957 525
586 956 258
950 97 372
26 4 362
21 595 538
308 668 989
952 259 296
320 995 839
963 225 909
16 685 76
85 329 579
535 535 522
769 956 81
502 702 522
570 825 602
657 767 672
320 208 15
753 252 53
206 10 589
906 585 777
899 19 26
526 283 622
278 225 630
91 262 676
538 975 625
51 753 17
685 722 385
525 983 226
10 62 957
782 605 969
570 305 823
905 675 57
802 85 696
972 27 936
72 209 12
598 267 81
677 835 725
722 353 705
58 232 27
532 222 805
13 923 905
520 1 722
697 276 925
852 967 275
220 238 925
568 288 202
705 12 839
990 372 823
285 530 58
866 537 577
253 65 698
623 628 532
289 750 905
22 632 620
67 627 525
538 795 502
220 328 232
97 799 203
263 322 505
825 51 662
205 238 995
295 567 31
802 320 562
763 930 207
880 560 13
957 26 200
296 10 639
91 522 805
572 922 592
220 778 772
528 635 220
229 205 606
223 59 905
277 588 920
697 625 222
632 222 12
588 289 883
708 253 280
325 569 956
91 208 10
222 31 57
25 990 675
72 529 270
507 20 829
292 362 209
622 91 832
589 282 323
202 276 582
795 920 562
15 535 232
952 1 81
395 886 526
982 13 252
895 830 898
12 835 756
4 358 825
12 362 953
28 298 595
272 227 869
82 22 568
992 75 765
767 725 905
250 97 568
536 13 902
262 982 220
798 92 693
509 379 23
21 205 889
836 526 375
500 852 683
706 72 236
297 508 956
530 97 262
256 962 683
285 15 225
570 5 222
632 882 605
525 52 570
21 939 957
202 532 395
323 682 282
52 276 950
51 837 825
777 599 365
692 37 21
57 25 706
258 15 4
525 305 222
968 509 91
859 675 936
666 17 980
73 379 626
832 75 81
650 588 576
932 289 239
237 237 266
536 31 602
896 289 902
585 359 98
505 930 997
82 220 793
822 99 265
352 227 790
997 225 529
586 220 539
827 529 507
1 295 22
652 260 825
399 325 257
256 75 728
227 783 72
368 52 680
19 665 265
229 663 500
265 69 522
289 992 966
253 228 222
635 525 583
67 868 397
902 976 653
362 16 265
399 656 786
605 52 882
688 722 962
978 325 360
21 79 31
563 895 253
782 805 327
278 759 562
81 662 927
263 860 21
239 760 10
869 883 362
562 585 567
4 17 965
367 729 829
259 676 370
625 208 200
535 572 15
87 522 678
629 575 78
823 280 699
283 928 702
657 86 992
27 852 28
4 232 262
566 667 528
522 560 375
778 21 267
72 939 13
537 539 963
527 223 88
286 527 922
67 627 903
885 1 367
225 77 565
520 856 205
523 223 80
72 503 380
29 226 325
727 395 562
91 322 90
1 22 532
695 229 17
805 289 520
588 296 825
207 322 27
78 528 590
10 70 665
900 272 235
629 708 10
328 505 563
767 570 588
503 697 635
299 25 597
4 592 378
97 238 37
626 365 81
822 802 356
776 853 4
229 353 772
975 238 83
703 539 289
935 208 725
385 622 985
539 797 67
38 756 837
232 538 850
1 265 962
267 257 39
503 592 51
856 575 825
238 652 576
535 868 852
656 4 227
658 583 262
777 526 762
800 12 91
39 653 596
683 297 623
26 638 67
262 4 936
982 935 882
722 92 225
35 952 572
292 899 39
70 272 4
965 57 502
565 676 953
57 15 279
10 522 859
592 302 15
770 509 15
570 580 522
270 799 15
592 69 51
75 808 262
830 322 820
76 829 959
262 12 595
4 765 12
805 67 12
67 950 950
252 21 229
585 822 253
7 275 829
265 262 966
582 276 808
17 50 260
503 525 522
67 56 825
379 526 706
98 522 252
372 206 756
659 789 81
568 290 228
58 939 91
900 727 923
292 365 608
259 292 39
950 537 829
857 65 21
300 779 860
953 12 535
388 695 295
392 959 283
970 527 695
965 750 12
995 725 950
532 925 365
885 950 228
270 885 786
77 15 993
685 707 976
927 659 225
228 379 28
270 81 935
832 522 620
853 329 50
305 668 939
626 15 852
12 307 702
700 826 19
689 532 300
70 4 202
896 982 693
227 527 827
530 226 656
703 772 13
236 79 253
95 15 939
982 266 896
826 267 523
866 52 705
288 588 925
609 376 78
265 626 835
502 17 225
522 222 91
576 12 532
663 726 22
4 329 727
222 772 753
500 272 522
272 806 675
525 952 358
522 729 828
928 957 203
21 797 975
256 383 220
230 698 263
607 503 282
725 500 885
762 93 357
25 795 623
890 856 583
880 932 996
539 305 982
72 562 953
602 52 203
260 599 652
527 590 257
568 650 698
525 52 859
502 385 22
52 662 4
89 236 809
10 953 1
4 675 622
1 4 659
567 638 835
523 675 679
505 699 675
932 583 585
902 15 259
78 950 327
289 695 395
598 12 79
57 222 529
778 965 52
288 989 206
4 259 53
280 622 953
252 266 586
250 659 325
699 725 322
10 75 509
922 322 978
295 91 752
539 356 230
73 756 982
580 35 12
522 752 782
323 622 208
320 776 600
27 698 266
567 16 52
29 580 630
722 760 622
208 532 229
258 379 272
775 292 360
357 882 685
268 762 359
592 203 578
882 253 952
956 4 502
356 867 32
75 566 753
690 229 758
862 752 15
932 865 220
922 21 12
15 222 753
72 999 379
10 21 652
756 4 258
356 322 589
702 520 792
638 388 22
226 356 536
57 577 257
858 21 606
21 707 635
663 526 979
25 990 953
12 963 21
365 285 502
795 4 620
997 277 359
696 39 538
688 680 522
359 262 838
602 532 375
22 222 579
625 526 662
775 95 532
829 12 252
202 825 79
277 865 528
862 652 26
283 597 595
51 288 622
685 4 756
220 236 972
292 852 502
277 906 528
622 582 352
753 529 838
598 953 775
82 393 38
237 525 905
91 12 868
503 81 28
563 606 770
258 4 21
232 326 353
267 277 523
268 675 522
67 4 232
283 676 21
880 4 322
522 537 285
580 59 16
290 395 802
296 885 17
51 652 51
272 703 909
19 278 51
22 688 262
392 378 282
525 899 905
53 202 675
279 527 856
565 935 239
383 526 505
70 297 822
272 505 31
4 857 695
235 522 823
582 288 976
27 395 628
350 657 650
769 78 780
832 658 1
276 81 885
653 220 920
19 828 305
386 29 385
776 227 392
20 377 502
820 568 392
27 539 952
836 522 12
966 50 752
323 366 302
257 857 537
882 652 226
622 13 5
507 695 289
369 992 32
4 377 963
392 606 530
362 29 696
225 83 567
392 272 728
225 757 282
662 225 293
899 4 10
200 952 238
757 13 856
570 679 727
10 327 892
75 87 286
17 693 592
722 5 379
939 775 5
590 5 588
723 896 358
992 31 520
775 23 4
572 21 29
522 222 925
525 286 10
929 583 796
529 852 726
15 502 562
750 378 669
269 652 865
322 298 795
575 1 958
963 282 376
52 288 607
932 320 566
703 238 858
10 76 26
378 507 4
25 720 696
852 566 288
922 21 956
529 893 637
705 4 267
52 620 628
325 527 275
222 395 837
783 305 975
635 582 228
772 269 29
399 52 979
72 85 863
625 235 282
539 13 982
239 867 508
206 15 893
397 523 253
759 385 528
17 325 965
73 222 922
585 595 12
905 932 91
21 91 366
592 227 297
28 392 586
265 13 525
922 278 982
880 38 562
282 322 12
15 285 953
4 51 237
95 72 625
229 899 968
756 295 772
722 21 622
793 605 253
529 929 359
607 15 35
529 757 852
358 276 676
562 829 575
827 972 572
225 15 520
525 598 90
537 262 327
652 328 527
366 509 257
396 567 703
803 288 590
4 97 12
225 562 825
705 602 792
595 327 262
968 828 295
668 13 693
858 599 279
50 15 805
232 697 800
297 323 95
277 565 222
91 652 306
12 30 279
375 537 729
252 672 808
903 635 225
835 15 235
723 27 977
523 52 926
13 826 692
13 10 762
652 323 923
220 15 62
250 4 852
708 585 376
230 585 275
328 828 17
575 507 592
572 602 683
239 10 536
565 26 898
753 527 52
79 903 565
785 52 606
275 582 12
320 805 395
629 353 596
22 529 658
525 509 57
16 505 37
222 72 968
936 706 570
586 203 21
289 929 522
722 805 225
562 578 765
12 279 802
520 15 539
12 578 305
259 652 235
965 27 807
569 525 265
365 538 70
959 753 636
632 10 868
929 906 506
350 989 207
91 523 92
532 23 585
256 989 10
605 598 298
706 220 769
503 239 375
785 222 672
685 802 528
766 906 52
22 639 583
232 725 392
662 326 16
25 10 577
956 229 958
756 859 357
927 398 35
91 868 91
625 263 265
256 929 780
288 256 67
35 21 23
10 679 57
522 652 88
15 72 656
728 70 582
17 293 269
850 265 585
885 259 280
297 522 529
986 51 375
22 285 539
852 73 636
825 206 262
15 678 4
570 862 322
659 15 677
505 956 225
526 938 992
768 379 82
4 15 690
586 329 653
632 75 526
10 897 502
859 253 263
535 209 1
81 238 279
632 12 25
672 13 253
358 950 789
66 225 370
562 535 99
525 62 28
253 10 958
956 928 356
985 27 227
328 23 268
569 35 650
829 950 31
265 566 362
657 835 25
205 722 868
285 395 763
952 568 258
239 91 698
538 628 73
582 253 667
270 295 952
926 662 586
352 900 579
350 570 299
4 286 4
572 899 582
565 362 257
397 966 563
4 663 565
586 567 230
800 572 95
868 675 885
252 839 908
960 268 583
727 509 677
660 69 530
272 889 895
12 726 382
368 767 4
695 363 15
352 375 208
25 672 627
956 57 638
53 386 222
505 17 1
79 525 26
792 606 359
65 253 352
362 562 925
21 605 865
978 532 359
625 4 527
597 658 295
278 82 762
270 978 867
285 389 87
305 966 225
398 825 4
775 285 667
507 369 796
16 13 325
580 527 653
26 985 723
989 67 685
997 19 78
282 932 537
62 253 296
67 17 79
932 222 950
950 626 10
16 223 277
729 922 895
282 75 290
257 225 260
4 982 23
585 999 85
925 272 15
507 4 286
992 377 525
222 990 389
399 16 93
203 980 81
232 703 830
396 620 27
908 306 795
529 16 352
500 352 5
366 27 357
269 328 639
702 276 595
1 262 959
502 26 950
265 228 358
960 679 257
935 675 892
835 235 625
81 825 525
31 70 235
360 390 722
653 880 22
722 932 956
282 922 576
760 852 586
632 353 252
28 520 13
4 265 96
52 262 753
208 5 15
10 298 822
357 222 22
278 953 689
585 5 767
803 675 579
622 353 527
21 323 789
752 599 252
81 1 31
58 652 4
520 58 963
290 935 227
395 276 957
728 792 10
932 666 697
538 252 696
288 22 575
889 295 903
529 592 823
620 256 866
599 579 280
767 576 983
205 727 21
223 19 622
952 372 320
726 27 626
885 275 226
365 363 20
72 665 302
10 906 200
203 91 56
358 652 399
592 228 289
789 297 502
580 965 953
257 678 693
297 329 352
975 896 577
685 1 625
677 325 852
832 799 16
603 656 10
262 778 97
777 567 209
208 756 726
222 22 17
625 569 256
262 529 752
622 392 77
322 935 253
232 582 759
992 600 803
267 807 527
578 620 257
269 39 220
298 957 15
532 1 257
209 772 798
823 623 522
87 265 57
320 520 72
77 679 290
15 22 350
786 20 272
805 599 856
532 21 272
565 238 856
28 776 250
35 27 4
302 369 523
52 995 980
507 925 67
566 229 535
500 4 392
295 75 229
892 588 825
282 665 678
829 20 578
999 582 253
767 22 602
4 15 12
352 81 12
21 263 785
785 22 526
302 325 4
288 4 322
957 793 225
585 256 70
200 762 21
883 860 762
820 977 898
205 22 507
753 823 12
993 326 272
256 70 375
982 365 228
765 639 235
575 70 580
58 825 623
858 535 4
707 13 979
763 226 252
223 15 990
257 520 658
958 532 636
905 835 532
865 91 258
293 586 952
958 765 267
222 579 657
938 275 666
799 302 282
625 836 235
962 562 889
253 272 935
15 923 15
695 275 252
379 826 16
529 672 668
827 852 325
937 995 202
372 759 657
325 269 525
885 223 16
807 305 756
21 285 266
16 25 906
797 775 505
808 975 12
298 31 702
22 526 686
4 576 727
262 352 986
263 753 823
837 985 630
582 297 759
592 225 269
4 22 927
205 902 4
250 982 296
577 727 526
22 589 1
592 220 353
289 285 966
569 95 807
723 902 238
226 526 27
697 528 827
588 13 232
595 13 503
806 708 13
975 226 962
29 286 203
628 207 325
52 622 882
395 859 10
359 795 19
752 828 950
15 85 820
229 720 682
537 79 252
770 256 563
595 725 882
632 627 1
880 657 560
227 758 393
289 228 622
353 295 689
595 222 852
325 537 236
79 927 527
57 758 323
306 575 20
390 859 792
259 4 52
786 66 686
88 929 599
685 286 866
885 222 975
632 57 532
299 15 658
832 865 27
4 10 563
372 90 372
220 85 277
629 770 21
4 952 25
839 19 72
4 526 766
535 528 505
278 650 957
80 597 826
525 262 685
722 390 13
323 4 565
600 665 862
572 779 626
237 7 12
925 763 366
862 583 885
980 265 535
823 795 852
228 620 752
23 858 592
81 858 29
527 765 72
250 757 16
776 395 253
585 575 395
580 567 12
20 256 697
570 722 35
502 950 685
880 225 598
560 569 7
565 12 525
207 858 665
656 536 506
293 798 758
235 952 523
77 580 967
262 1 968
623 828 697
269 728 222
202 789 593
25 998 220
722 807 4
265 51 258
625 727 1
302 950 53
253 359 232
95 927 729
322 78 395
220 897 56
205 972 228
758 376 765
960 572 653
805 200 52
908 29 286
325 606 509
869 832 352
898 503 258
992 922 532
262 958 26
520 265 525
702 868 979
597 678 250
656 535 12
12 57 572
229 952 729
278 236 4
57 675 21
852 565 582
352 922 595
502 77 956
972 12 220
588 262 862
528 15 860
252 706 252
92 17 562
285 257 850
920 300 259
4 372 235
672 865 25
320 922 225
959 858 276
832 12 12
657 532 927
63 99 625
21 750 232
802 19 353
538 668 756
277 525 57
625 856 592
807 263 392
580 868 828
12 300 382
563 906 4
822 1 627
329 1 262
223 576 4
892 1 19
935 363 572
972 926 685
527 31 852
599 12 562
375 66 972
953 4 1
922 806 56
508 252 572
999 10 678
992 703 56
659 95 926
695 792 236
998 225 52
895 292 570
278 228 352
225 926 12
390 828 297
328 288 1
30 21 202
788 985 15
227 628 683
922 352 723
528 707 352
522 1 589
369 582 703
75 978 223
87 920 1
292 225 775
532 12 223
327 72 362
50 928 235
956 568 357
857 922 927
309 500 925
986 13 227
62 15 722
585 370 820
802 16 20
382 298 889
925 282 895
596 236 585
282 1 52
13 577 797
762 299 656
797 857 375
593 538 802
12 526 260
298 20 508
12 782 222
685 652 91
276 286 226
529 890 17
52 298 265
252 622 95
662 220 627
992 623 260
295 16 21
17 652 725
595 620 529
507 95 825
758 758 226
10 15 823
262 565 67
685 27 380
225 825 329
393 963 563
580 12 207
922 367 757
577 679 678
532 839 797
352 598 88
502 795 825
78 576 509
759 4 857
856 506 237
372 75 396
672 75 576
676 206 885
72 19 282
229 820 72
653 15 882
15 705 29
76 502 607
982 12 830
606 272 807
699 21 995
862 76 1
505 297 85
299 888 326
576 805 53
12 15 296
586 909 508
230 769 265
21 280 307
975 508 368
223 569 890
928 252 76
526 592 825
525 222 858
907 270 936
657 369 572
226 250 832
292 828 575
762 385 635
520 930 682
726 359 972
589 565 25
969 850 523
766 656 993
4 768 91
689 16 23
903 729 506
272 12 570
382 795 225
15 288 505
520 650 767
56 350 652
352 806 800
793 1 602
252 868 600
4 220 595
785 807 20
232 228 828
97 590 286
593 899 632
959 866 776
81 579 21
882 4 579
863 632 608
523 770 292
21 652 31
205 565 776
4 79 798
959 322 52
679 972 725
782 759 256
225 867 325
228 660 595
352 525 289
500 379 529
52 388 585
903 622 4
705 792 823
92 58 925
4 620 863
752 35 702
28 750 829
603 262 756
76 985 266
205 632 295
632 956 20
25 590 292
632 829 526
782 853 625
822 535 838
895 15 657
922 265 526
202 888 535
528 832 93
222 729 386
252 328 996
225 793 17
225 539 568
620 322 839
22 572 576
852 858 57
305 508 629
520 722 383
603 622 505
225 520 353
359 12 950
565 356 235
667 676 228
607 299 802
966 295 51
583 299 356
956 398 292
608 580 682
205 223 235
935 505 925
950 21 528
909 508 320
13 563 529
592 536 525
322 653 202
256 606 380
328 12 265
765 220 925
707 37 81
276 968 570
668 827 653
957 652 883
31 397 296
650 4 252
508 308 779
902 625 839
822 292 295
775 527 237
220 328 16
397 585 303
579 825 528
665 507 19
520 656 525
727 925 262
22 585 508
586 757 85
769 595 309
625 928 798
900 205 308
32 522 907
958 538 222
562 76 767
758 352 522
983 508 353
590 97 793
16 866 782
4 285 696
10 16 820
883 19 700
528 685 626
53 852 883
825 10 268
276 82 57
628 663 577
967 695 12
229 4 290
395 12 292
237 225 12
656 806 599
350 58 25
52 307 528
726 299 4
659 538 16
793 677 260
820 72 15
598 822 12
932 10 21
509 683 81
308 525 986
70 590 988
968 227 380
4 31 227
38 320 650
250 920 200
628 63 575
656 235 32
269 385 62
38 382 525
527 565 725
777 398 15
525 770 935
75 91 889
963 922 323
682 360 276
598 578 625
228 620 822
328 79 257
369 16 272
260 91 205
290 209 91
53 282 270
258 578 792
27 923 585
922 220 595
17 22 698
90 283 652
226 83 269
996 635 289
562 392 91
5 505 622
925 958 656
520 592 607
25 78 388
262 390 20
597 1 256
522 29 222
895 523 893
858 356 229
798 796 238
385 21 53
970 322 222
227 820 579
827 852 95
266 658 523
503 822 27
223 67 859
532 300 91
19 399 589
822 590 525
292 4 236
959 15 78
922 253 920
1 822 627
253 220 393
239 205 798
705 893 95
537 705 720
238 757 629
585 202 378
520 762 885
725 237 922
502 96 529
892 392 297
720 1 827
592 16 367
295 289 223
992 885 23
222 772 15
10 23 250
17 822 509
67 662 358
637 10 266
962 758 15
936 582 99
666 927 923
923 728 677
283 657 385
925 12 592
806 366 957
975 358 1
992 588 96
675 258 10
227 570 252
282 372 752
965 535 783
953 220 956
82 566 825
590 292 262
856 623 305
532 12 522
605 22 832
379 253 593
226 17 857
282 26 725
925 672 826
767 952 707
580 820 12
93 825 232
926 12 226
583 92 560
600 722 205
527 4 31
1 595 658
89 253 765
65 353 265
976 32 995
825 503 65
532 4 923
275 978 952
263 895 288
10 653 326
389 775 692
639 706 229
20 91 292
925 66 723
85 958 800
772 635 785
205 68 932
638 832 290
590 765 257
393 590 76
893 963 275
97 796 237
563 65 4
857 305 953
665 15 590
769 268 756
990 563 392
222 83 252
995 950 4
265 752 86
766 566 777
51 225 880
723 993 4
75 397 578
822 826 593
830 709 883
205 827 653
576 962 226
606 225 856
4 829 10
590 953 659
17 252 652
762 707 257
258 629 256
527 1 825
1 598 527
356 23 578
230 526 893
1 525 17
782 589 509
17 792 280
752 70 372
352 850 800
503 756 922
582 528 653
860 977 79
823 568 15
688 222 763
575 928 21
81 820 699
590 302 752
275 265 658
17 62 525
853 276 999
358 565 605
575 705 662
19 202 782
535 880 980
28 595 608
532 528 595
303 905 529
956 605 289
725 299 222
782 575 652
17 859 52
922 956 303
788 625 226
632 698 13
632 658 56
597 297 625
523 98 4
865 575 822
228 93 21
685 729 539
676 998 923
532 7 592
26 285 70
586 262 667
10 560 523
91 220 590
835 15 222
782 993 13
888 957 588
1 25 983
239 978 362
603 285 398
666 305 672
370 826 17
50 893 575
752 290 693
225 572 827
523 98 225
829 225 535
223 28 72
636 256 32
80 230 827
258 32 62
765 858 657
222 270 662
583 21 350
232 16 21
923 985 953
392 17 21
569 792 957
227 956 526
23 589 686
15 696 506
666 285 695
797 628 10
282 202 29
77 672 932
26 77 232
858 352 250
4 622 975
583 662 209
788 322 502
520 588 52
578 227 595
907 325 622
532 382 769
590 19 26
995 21 1
537 570 21
585 19 956
277 828 802
985 81 320
525 56 1
232 306 502
92 632 823
725 322 229
959 502 306
257 925 653
4 5 522
967 358 206
15 222 15
686 10 205
357 575 652
622 657 293
630 595 259
15 697 829
865 600 252
275 522 837
87 967 223
858 205 932
309 785 21
595 4 539
252 385 626
13 622 923
267 822 785
16 509 236
80 230 13
599 235 12
569 72 307
230 523 585
352 928 28
257 15 708
220 81 532
32 627 239
525 1 81
729 259 583
927 775 522
13 57 909
790 383 220
92 21 508
256 209 658
280 356 637
385 15 528
81 26 568
7 585 589
328 19 965
382 527 360
975 283 228
23 526 788
229 15 270
300 935 567
292 252 19
562 529 4
597 302 895
360 997 580
568 4 267
795 275 827
326 16 752
759 826 63
252 82 27
653 296 806
250 572 5
568 290 325
725 993 656
592 305 292
58 260 825
376 658 229
525 53 68
322 508 10
575 578 659
81 258 303
775 858 393
595 300 10
223 505 259
285 82 21
597 236 16
628 12 757
576 992 667
579 53 578
583 16 77
285 932 1
767 703 822
4 959 707
652 269 752
969 722 288
567 795 902
606 825 993
859 925 729
265 629 523
502 835 797
305 299 78
927 503 293
275 750 522
10 588 37
207 677 1
752 21 15
200 63 852
927 606 229
627 562 278
358 570 923
805 883 500
567 666 527
223 292 253
785 395 903
379 959 595
21 275 77
12 28 639
50 567 989
585 75 13
560 577 25
292 257 856
668 902 256
265 262 229
632 372 19
327 968 522
598 12 995
4 578 972
822 676 535
505 10 225
956 268 600
298 525 227
522 783 702
825 72 305
208 520 392
765 977 997
822 22 50
1 272 267
885 692 329
602 622 306
15 352 972
983 21 288
522 583 952
86 805 20
825 560 222
87 939 905
250 4 772
4 396 562
206 21 292
880 1 985
329 576 275
358 526 87
252 925 627
357 10 699
85 38 663
228 629 86
586 656 788
265 865 509
802 630 836
882 272 588
222 10 302
325 975 923
720 507 782
685 352 677
325 985 625
81 527 952
239 203 562
672 590 506
758 950 525
825 295 12
605 296 750
757 585 12
976 272 593
267 51 90
256 1 1
22 252 595
627 29 902
579 21 235
808 629 357
566 659 253
22 532 990
26 279 228
709 10 985
26 793 52
250 97 270
395 620 17
222 76 202
288 867 977
27 207 568
797 5 857
866 502 770
526 503 278
525 4 769
779 525 90
13 575 909
86 4 21
502 798 656
968 659 4
688 677 366
388 227 572
395 13 628
366 968 595
659 950 503
60 585 529
832 562 226
602 968 72
783 605 232
283 202 320
568 228 975
883 859 270
528 392 208
50 927 230
222 679 282
78 922 15
4 268 58
788 91 286
59 782 359
767 858 25
12 10 395
692 10 25
535 537 250
21 537 250
262 653 5
623 823 969
16 636 21
665 860 807
859 650 258
975 12 266
79 362 727
757 857 869
379 10 4
909 376 656
262 839 968
576 223 985
5 81 256
389 763 852
965 825 21
778 979 296
608 282 576
288 722 758
577 566 505
12 27 353
726 1 328
285 670 662
669 953 5
275 13 932
988 282 225
632 59 682
528 383 15
658 92 596
205 505 969
797 368 305
966 506 575
522 306 389
678 323 208
820 992 502
709 522 292
822 567 976
200 360 795
12 295 925
966 585 4
909 959 272
38 289 722
520 226 250
578 272 395
505 972 595
989 766 958
625 766 523
12 599 782
289 993 662
922 253 620
582 808 285
508 366 13
79 93 793
629 662 690
503 920 656
602 629 627
757 898 382
590 705 25
725 679 1
509 58 4
322 5 357
253 689 222
827 852 22
937 697 627
580 21 225
1 23 886
805 538 722
12 298 763
852 525 23
21 25 58
260 795 926
229 805 82
72 386 890
392 12 867
26 575 262
595 257 70
51 722 21
272 570 907
222 765 678
280 535 825
19 385 326
689 525 4
305 393 250
652 532 398
26 328 579
229 266 996
97 888 858
252 578 222
628 859 907
365 586 762
5 522 665
229 1 10
25 277 75
596 280 525
702 569 528
683 16 285
52 586 262
4 322 925
326 203 922
607 27 17
858 626 657
538 262 595
753 63 52
53 222 950
857 72 758
297 657 525
79 209 768
536 353 725
32 936 802
595 522 980
91 592 21
722 226 22
39 856 97
566 253 37
705 228 956
392 69 783
375 609 528
765 325 925
958 886 7
526 203 660
98 625 525
536 786 722
397 230 32
503 289 379
370 829 690
225 323 27
766 21 226
858 530 950
260 583 522
829 295 627
323 667 786
363 13 297
535 729 325
620 527 597
622 665 989
585 285 395
629 575 357
929 1 962
292 599 98
809 203 509
4 227 285
26 269 68
522 268 10
25 225 250
665 885 752
89 582 396
959 922 4
379 985 523
920 522 762
980 667 935
386 226 952
950 222 686
966 257 382
257 205 868
622 4 808
922 950 706
292 263 535
858 253 83
7 72 923
895 627 208
575 322 623
10 823 623
532 69 222
289 598 59
929 568 16
56 627 83
250 4 70
962 768 908
262 790 206
253 50 525
578 26 582
87 22 560
535 527 575
17 657 577
57 762 295
957 399 13
22 923 952
537 362 236
530 597 890
936 256 209
629 525 292
825 37 226
539 563 866
693 257 26
666 356 12
305 296 369
228 562 666
288 20 397
728 65 256
505 52 538
958 322 359
630 328 295
536 262 728
252 275 569
902 27 357
925 225 278
225 972 253
276 685 286
802 22 675
570 729 520
4 51 17
665 75 25
252 12 590
16 98 237
507 863 50
972 606 562
883 52 282
523 565 692
825 688 4
680 779 15
12 522 202
275 21 796
350 250 827
502 867 12
772 508 253
35 696 925
525 225 603
58 957 605
393 200 20
908 223 51
958 385 272
27 625 825
608 252 725
77 632 252
902 290 832
925 527 286
885 727 263
13 250 627
823 52 698
963 950 525
957 225 29
227 660 297
298 4 579
652 57 328
508 682 78
13 902 31
383 595 258
709 1 253
353 298 523
639 956 959
900 209 65
758 4 4
228 91 809
21 629 25
888 52 807
372 826 577
57 958 882
15 10 51
659 777 572
756 35 595
625 525 12
957 680 272
207 397 396
629 16 23
852 238 225
81 599 81
599 522 4
729 58 322
563 696 705
19 1 209
578 669 663
303 5 832
850 13 505
522 282 12
858 725 228
522 900 375
695 4 283
520 260 650
282 805 52
582 777 929
795 626 226
15 227 957
365 867 4
800 293 385
837 972 785
756 360 570
956 869 229
828 20 582
10 31 358
1 207 995
289 697 775
10 590 522
537 282 362
77 232 227
389 58 696
286 526 4
652 922 205
223 677 995
882 889 252
262 653 385
905 207 597
696 950 582
589 723 258
223 85 283
759 228 4
825 86 868
59 803 607
225 606 925
4 677 772
252 375 605
296 309 10
15 228 272
532 972 10
91 4 16
286 932 520
10 589 5
92 72 393
36 852 10
502 592 575
637 229 276
10 329 592
869 836 500
609 520 699
256 223 658
52 983 522
883 352 592
983 992 605
28 979 262
83 629 596
865 752 582
522 15 282
750 525 279
609 525 528
72 795 503
566 222 397
307 578 639
67 967 528
776 250 278
222 622 56
222 956 825
792 569 202
19 536 502
666 30 502
772 579 305
895 65 252
662 753 75
527 252 12
98 238 230
522 21 222
709 380 903
1 75 208
23 637 256
938 226 59
295 853 262
290 568 762
722 966 579
359 380 223
950 937 752
353 532 21
698 259 753
532 86 706
865 529 285
260 282 565
562 865 227
323 792 952
12 569 21
505 825 292
12 72 532
285 783 570
532 752 4
837 793 520
783 593 827
966 21 925
722 357 770
289 367 203
883 270 507
81 828 52
527 17 968
625 13 609
570 290 825
532 858 252
12 10 382
957 835 622
522 206 586
368 67 97
822 690 523
567 35 758
667 295 285
226 652 282
525 205 637
77 65 986
725 21 226
265 58 503
608 309 620
952 785 86
809 589 776
529 726 225
52 82 253
998 625 269
852 852 352
759 972 622
296 252 386
382 959 692
897 566 928
232 325 922
350 823 97
593 295 81
51 22 252
1 292 505
896 320 283
822 208 620
252 225 353
660 366 756
91 252 220
250 27 19
988 686 585
589 785 21
10 657 890
67 959 709
525 359 229
998 562 81
222 15 91
905 672 827
377 527 88
285 527 252
885 92 692
576 699 927
15 880 202
762 292 882
91 590 329
366 285 927
358 297 956
270 225 200
252 207 295
322 253 725
86 886 926
725 222 266
585 290 935
527 936 765
282 79 725
91 752 222
525 357 16
17 228 569
292 505 208
965 827 999
832 202 958
622 520 565
570 81 829
1 395 500
322 90 520
960 257 535
305 752 622
677 802 926
953 7 278
802 352 529
772 1 750
89 925 30
225 378 686
238 222 207
10 657 293
377 75 800
226 925 322
53 770 532
527 589 852
592 667 282
58 885 727
662 728 209
220 927 927
352 266 252
362 377 73
537 222 525
609 305 592
29 576 929
65 81 885
208 978 15
386 60 12
325 823 705
592 4 837
222 65 597
772 596 899
302 600 665
952 16 27
925 63 1
795 570 222
70 525 852
780 328 253
267 593 563
622 285 850
12 320 577
975 653 508
890 782 25
283 822 852
270 935 325
1 363 275
579 5 208
21 229 67
220 599 91
706 852 292
528 695 22
226 295 507
926 280 238
802 928 995
320 295 668
21 12 290
900 260 31
57 502 858
565 360 679
995 839 359
35 526 5
899 4 782
785 16 29
628 975 722
50 252 590
572 772 676
953 257 825
683 525 580
282 275 15
776 270 856
522 4 58
902 677 309
706 723 222
91 97 958
660 603 727
759 992 352
322 37 725
628 15 952
357 26 529
583 308 978
789 360 970
625 207 228
582 238 23
309 38 51
235 86 56
329 995 352
95 909 862
625 690 929
91 503 852
68 959 605
866 525 252
306 17 929
585 520 858
632 232 235
850 265 663
51 20 900
208 235 628
362 265 22
379 253 19
560 227 997
97 229 81
222 622 258
236 526 292
528 525 595
15 625 522
860 257 535
592 28 356
12 705 659
263 652 622
759 790 923
520 985 75
859 765 222
609 305 259
852 979 790
520 862 592
769 696 20
968 692 12
530 923 975
527 270 972
693 752 506
52 207 622
209 4 222
565 827 365
776 297 38
4 672 15
32 562 775
223 897 575
862 952 382
953 992 252
922 269 622
656 329 728
927 309 950
392 592 75
869 269 523
852 22 91
607 827 977
205 260 4
259 929 777
353 1 975
885 529 266
357 832 822
882 953 82
592 702 795
25 725 989
577 605 762
529 19 252
379 592 652
282 692 222
995 535 786
725 532 79
852 688 358
1 236 593
883 277 527
906 862 22
963 829 13
262 72 368
980 753 697
78 275 575
16 620 257
25 268 21
12 256 570
723 258 525
572 652 535
282 326 4
836 585 21
905 75 222
298 225 932
225 75 530
525 16 202
905 822 622
936 257 582
256 677 925
562 229 537
535 395 202
522 53 23
297 923 565
527 629 636
235 293 786
822 828 19
862 588 965
239 75 952
81 12 27
968 16 772
21 768 585
50 5 752
902 277 703
328 525 286
76 635 625
269 4 807
578 4 522
590 4 12
500 922 850
359 992 997
56 597 17
4 295 657
266 983 867
897 507 21
272 822 832
262 228 95
800 525 95
828 726 58
509 567 957
596 262 202
93 763 823
825 60 582
960 982 996
225 280 592
257 653 538
323 925 786
529 835 68
725 4 689
329 529 957
775 985 589
585 882 659
309 275 625
959 905 768
4 252 758
260 56 995
709 92 205
57 827 660
81 976 899
28 297 15
229 575 586
929 930 10
599 262 4
652 388 728
828 568 668
822 1 726
608 605 208
867 4 21
1 695 953
4 325 867
222 796 322
857 789 222
926 562 996
19 328 985
625 20 729
230 29 31
38 595 823
852 592 626
752 722 565
526 972 569
305 19 782
703 282 225
529 659 395
857 4 620
532 256 290
12 758 322
592 650 582
532 226 895
91 91 292
662 67 269
235 95 803
289 35 200
857 883 272
700 952 725
202 805 278
252 599 17
792 292 592
395 13 272
795 597 783
960 586 389
980 329 776
91 58 22
27 626 536
583 260 298
939 729 582
508 575 222
560 525 21
623 253 829
237 585 528
10 276 505
298 897 265
998 752 93
769 623 527
753 12 12
960 236 609
975 992 369
1 289 399
502 638 659
289 527 222
17 669 1
807 21 965
753 529 592
12 10 15
50 772 828
920 976 365
236 265 10
356 323 699
665 51 72
63 35 658
723 357 4
388 956 599
899 709 950
282 388 78
792 935 722
35 327 329
698 952 1
956 72 227
505 959 10
767 626 37
952 830 53
923 1 925
506 962 70
75 15 263
806 263 658
592 532 303
1 963 396
97 668 726
889 762 508
293 27 825
665 222 892
365 222 675
759 622 91
792 605 892
565 885 92
522 396 653
530 930 21
920 869 698
253 275 395
21 200 778
635 222 575
21 1 522
662 4 500
822 299 220
579 532 630
505 922 275
832 358 260
722 522 229
283 16 593
752 790 628
308 567 753
726 503 227
592 778 528
609 72 532
230 789 975
598 88 509
7 827 697
1 232 957
700 900 992
4 909 570
536 703 802
825 720 298
985 952 390
67 289 509
93 526 15
592 16 385
897 590 692
377 532 832
19 36 529
395 572 593
395 583 1
65 792 958
560 826 902
350 4 57
775 923 263
656 822 62
275 223 825
952 708 895
750 992 236
232 12 376
665 656 4
956 252 225
938 588 4
930 21 385
775 393 569
930 272 91
652 528 325
799 759 823
295 962 767
295 76 595
285 250 226
983 796 503
225 957 232
4 762 259
15 852 16
302 795 568
585 17 669
1 507 4
586 589 72
325 837 859
277 32 276
652 563 978
803 398 239
232 77 297
325 705 653
862 565 827
12 920 278
80 695 237
750 927 1
15 520 228
272 882 17
35 222 359
599 652 856
722 835 539
252 507 91
627 1 705
789 12 207
707 53 79
576 35 95
769 79 362
963 386 905
676 760 798
81 529 277
853 952 15
866 72 723
500 297 15
579 302 785
888 66 27
70 952 677
765 982 363
752 696 527
202 79 699
623 509 29
57 578 352
622 590 539
78 280 27
786 665 252
62 276 206
23 282 827
568 623 938
523 260 882
588 585 286
622 629 280
825 269 530
560 959 329
396 92 21
562 529 582
372 258 72
230 625 86
535 652 225
657 980 539
757 4 225
398 865 285
798 582 73
230 21 593
252 570 86
226 652 623
328 789 668
283 890 522
726 356 222
4 575 325
375 996 21
905 303 350
81 236 270
259 999 1
535 280 523
720 390 623
326 370 672
725 10 892
10 237 67
65 326 1
520 223 726
858 889 720
562 253 905
565 702 72
503 259 822
659 783 829
250 57 725
366 500 4
720 899 222
60 785 77
232 235 792
856 257 22
962 922 62
925 4 208
695 520 15
227 12 720
757 700 97
81 727 15
772 73 295
520 238 97
526 663 909
236 825 766
578 925 525
832 672 982
51 225 803
578 952 290
275 203 228
585 272 560
78 380 978
897 29 275
202 500 362
825 923 4
12 307 525
209 660 585
585 526 15
16 586 237
922 12 605
229 902 950
56 363 21
293 87 927
15 995 352
269 21 226
328 223 260
328 292 700
298 772 529
253 566 536
632 272 305
882 608 962
226 276 91
795 576 75
16 205 323
276 679 85
57 523 582
909 392 285
26 67 527
4 265 225
520 236 278
4 350 966
228 677 707
67 823 785
725 567 605
785 805 1
258 862 605
562 585 222
752 293 229
21 16 10
763 379 278
827 51 625
75 388 4
532 769 753
528 638 902
985 77 377
227 560 563
935 228 932
222 805 292
222 31 505
252 21 388
25 683 582
229 579 889
15 362 289
376 575 566
702 570 69
502 19 522
262 352 927
257 96 523
752 702 4
583 50 566
525 298 322
685 826 656
285 22 12
252 575 322
729 15 250
295 982 13
323 702 597
327 286 803
802 258 625
963 309 31
500 21 222
298 16 585
352 323 593
202 956 586
505 692 228
808 700 992
325 827 608
752 203 895
622 260 766
326 222 17
805 695 27
520 857 783
629 323 685
529 668 82
375 806 4
15 677 676
529 560 62
96 708 963
56 998 775
807 257 250
308 382 922
76 575 598
659 256 97
520 299 328
252 52 935
29 235 299
296 505 256
899 957 579
235 763 19
590 765 222
930 908 825
622 305 223
789 4 77
896 779 69
13 950 258
356 868 958
288 969 527
525 95 576
223 252 656
680 525 728
850 262 303
907 226 72
750 597 205
58 229 303
839 622 282
206 527 722
720 91 205
12 1 523
4 232 25
76 575 239
897 32 585
639 98 268
585 295 259
236 258 696
609 727 589
205 782 267
29 27 53
208 52 885
4 925 306
982 89 29
639 252 686
906 520 325
203 583 377
202 707 87
562 578 650
665 635 800
720 778 656
263 91 595
207 520 285
270 785 16
226 4 275
91 757 27
4 276 15
10 565 729
528 605 382
683 835 858
253 16 227
357 538 525
885 239 21
522 57 66
72 395 653
305 252 683
272 528 53
238 259 353
256 56 882
588 566 979
252 327 537
91 835 72
858 767 906
88 925 275
200 725 852
562 823 685
259 995 785
1 930 563
965 328 985
936 796 625
260 923 500
636 523 929
902 382 908
295 12 665
956 722 62
582 25 77
800 572 220
75 522 203
885 395 325
228 522 325
4 21 56
925 350 322
369 572 250
206 4 725
295 96 906
586 93 13
703 10 76
928 37 320
707 672 977
68 232 858
998 91 635
25 19 850
889 562 930
852 222 4
272 222 622
252 927 793
725 220 880
203 993 505
522 267 16
1 25 790
527 396 37
502 30 252
69 905 277
979 590 768
20 590 278
965 99 522
726 279 23
625 85 888
226 629 50
652 583 269
523 26 577
822 285 65
282 220 222
523 225 295
520 583 268
835 202 529
36 776 12
729 1 565
678 395 505
997 250 292
327 299 4
780 25 78
57 365 76
827 525 225
766 705 820
57 690 352
209 988 295
359 756 892
575 539 229
285 756 986
527 303 280
72 856 907
360 323 256
376 325 225
286 830 220
658 385 308
532 765 325
256 257 827
5 295 220
752 92 888
600 859 667
565 562 10
15 982 253
835 606 885
225 866 265
206 688 659
992 582 235
279 325 598
282 990 950
19 728 366
282 209 279
16 700 675
12 252 527
752 4 590
532 590 325
207 659 15
675 925 279
396 588 329
395 262 525
862 4 258
970 705 526
652 596 4
585 22 532
280 375 62
900 562 275
10 999 19
398 699 4
586 653 957
932 262 978
837 522 1
85 322 529
860 792 760
689 75 228
21 589 17
685 802 570
967 538 970
270 77 86
97 608 289
537 258 268
252 222 565
28 397 50
525 507 622
59 628 925
520 303 599
988 609 526
208 857 505
259 80 225
4 22 950
585 388 65
729 826 762
58 293 398
350 35 282
58 852 205
608 707 19
682 593 652
87 752 236
535 837 656
670 923 952
1 835 73
620 976 930
972 232 89
395 208 692
523 21 25
527 282 223
757 827 10
362 323 590
359 868 307
609 353 908
268 260 227
765 322 532
783 32 602
660 672 393
565 586 988
225 656 532
380 592 237
609 920 837
4 785 829
722 229 57
91 278 4
683 4 10
828 20 15
652 10 807
76 883 520
362 797 77
222 975 16
575 920 885
992 12 288
757 982 528
652 799 863
97 605 835
565 265 925
820 21 772
672 275 665
595 659 290
238 1 270
528 299 820
35 258 65
722 759 305
282 523 858
620 25 262
16 21 530
832 580 21
27 19 609
38 688 357
953 653 506
659 978 575
362 839 265
12 506 257
978 320 805
882 21 599
835 296 68
260 760 12
932 909 829
529 602 21
757 902 265
72 522 960
835 399 277
695 22 522
58 252 539
395 327 78
722 786 566
523 965 4
4 5 539
15 265 57
575 31 852
275 322 78
866 659 262
527 270 526
15 253 15
375 327 220
565 526 356
272 702 795
222 62 580
520 897 227
826 862 259
752 675 795
526 572 16
835 385 697
908 752 57
982 10 81
288 957 12
202 325 907
958 222 959
257 806 13
50 252 680
286 626 520
598 523 768
588 280 29
75 380 799
262 922 208
569 83 232
4 81 825
952 685 535
697 72 956
856 763 327
208 15 658
952 965 256
702 82 538
863 278 225
368 952 13
567 979 90
22 659 237
986 722 26
725 21 398
205 779 978
758 582 226
81 266 763
669 1 852
12 620 622
660 252 275
576 925 726
523 238 729
657 21 959
4 590 565
896 280 278
660 502 259
21 785 882
70 252 228
952 706 299
350 12 205
207 5 57
59 51 678
572 886 575
528 203 262
832 788 250
16 91 580
277 790 13
269 22 58
783 82 530
500 527 656
792 21 17
929 259 685
809 937 523
226 4 17
235 29 585
625 395 605
962 275 81
56 4 837
630 527 225
880 27 583
89 992 882
772 957 535
275 658 500
653 853 16
803 653 15
300 1 667
525 577 4
892 652 678
13 367 980
95 692 958
639 965 665
21 777 202
10 21 296
805 27 932
582 16 12
852 50 929
22 1 223
25 12 590
352 258 566
697 575 702
957 4 10
4 959 708
709 628 250
502 628 636
238 237 21
223 377 276
590 695 758
572 726 17
522 959 722
856 235 826
58 695 966
75 760 21
25 965 782
26 765 659
720 256 227
952 627 250
565 67 51
993 21 376
860 703 63
585 53 223
522 995 722
802 10 636
353 288 52
620 785 375
267 975 676
4 592 850
282 922 803
17 235 10
962 95 226
852 577 70
328 225 17
650 202 925
250 220 65
223 779 509
539 575 358
4 31 825
91 262 1
686 850 252
382 97 67
76 808 637
365 565 965
979 865 293
4 232 362
772 376 327
777 379 825
772 91 699
782 525 15
228 57 629
925 323 698
650 700 320
507 268 657
227 10 762
725 772 1
562 806 367
15 12 295
970 206 672
378 825 265
506 220 826
669 790 62
756 256 853
597 836 520
523 5 288
288 690 562
795 322 763
253 890 685
528 988 81
223 622 653
21 30 920
235 277 283
259 906 826
23 669 597
236 522 950
857 907 265
235 262 652
858 975 760
379 703 12
4 659 832
235 253 538
278 379 953
909 990 525
580 785 522
625 650 280
862 576 836
728 10 350
582 823 827
660 590 57
289 937 32
267 725 728
202 525 10
662 897 822
322 795 262
956 585 77
27 977 85
10 822 522
956 508 390
967 232 382
51 752 658
16 582 953
907 269 293
259 370 253
508 606 926
686 322 22
725 285 327
926 506 356
15 567 588
785 572 782
508 272 523
380 12 926
926 823 50
606 566 25
97 57 81
962 286 988
50 16 15
820 327 982
565 790 752
25 97 4
99 275 272
16 222 567
650 582 632
750 852 897
63 962 385
21 882 222
923 278 259
979 627 228
78 838 25
260 21 972
22 753 928
523 665 358
537 535 753
832 523 302
980 15 259
625 322 776
803 705 562
228 975 292
537 929 378
325 920 600
538 592 269
898 12 325
21 328 757
17 279 566
858 803 750
250 270 17
520 795 899
853 297 329
375 16 630
959 522 278
708 965 220
359 350 320
680 929 726
867 926 897
25 663 259
562 598 977
576 522 520
786 825 21
522 51 81
236 272 520
358 22 16
366 820 565
82 776 586
288 605 227
390 25 266
67 4 502
4 282 529
282 795 25
75 652 17
12 579 202
960 206 13
13 862 282
837 303 626
502 12 639
572 989 500
300 258 72
4 763 357
265 625 360
383 82 652
322 808 222
322 279 28
67 705 322
4 265 225
965 983 765
835 272 859
238 292 4
575 672 232
589 76 823
832 805 568
395 275 596
4 298 252
685 958 253
578 695 988
13 522 89
22 765 290
525 12 595
635 566 759
522 31 629
657 626 936
630 932 575
362 32 953
79 620 928
82 952 375
525 386 99
578 927 239
597 959 260
225 21 576
328 705 502
639 762 522
379 358 26
838 267 632
10 277 392
278 979 756
578 293 982
778 293 95
820 302 26
677 272 768
692 93 252
20 378 809
599 522 772
808 206 358
27 10 580
592 568 280
75 360 229
592 1 252
976 662 262
562 958 22
207 702 652
699 797 257
505 663 4
570 826 693
229 296 707
279 379 385
525 19 272
623 966 36
239 326 388
535 12 303
326 537 235
653 97 509
525 586 356
1 679 395
293 527 567
12 936 252
21 762 21
350 10 22
565 19 296
857 722 788
17 992 932
229 252 1
526 983 25
962 269 882
857 375 665
207 75 1
588 52 575
578 852 253
379 565 905
285 15 26
537 595 97
570 225 368
597 750 16
525 280 252
662 19 527
596 776 523
236 279 762
925 207 930
702 530 385
283 505 983
19 803 505
725 25 532
56 659 237
966 659 266
225 632 263
722 892 800
296 935 81
806 623 853
575 270 227
1 1 265
358 825 275
995 378 689
12 232 278
927 638 222
682 252 530
752 225 925
393 939 996
225 81 759
95 309 857
70 857 16
352 235 895
302 759 688
835 596 592
70 565 75
506 662 709
790 372 703
693 925 13
752 12 583
222 608 256
96 765 572
509 830 622
239 5 290
235 269 832
266 203 707
535 275 58
592 87 17
925 585 81
522 528 672
282 652 4
12 258 535
99 820 676
628 592 95
4 836 200
83 506 756
352 92 26
65 922 229
923 599 903
295 370 595
580 225 205
86 608 4
392 526 263
26 225 268
588 288 835
675 625 926
720 91 57
672 21 637
639 678 17
298 868 66
925 62 852
253 222 59
925 650 958
660 15 72
727 266 283
608 752 16
368 288 12
225 200 995
17 72 250
629 538 396
572 605 7
292 522 329
952 209 832
4 686 232
622 696 19
883 20 235
23 4 528
239 358 695
31 823 835
568 598 986
279 563 15
22 956 626
16 765 696
525 927 792
16 1 982
4 250 220
277 57 586
68 629 250
385 398 72
862 865 207
893 30 97
31 985 227
87 582 575
232 263 628
252 12 782
21 70 305
527 685 598
379 503 203
95 772 957
795 790 392
285 222 260
267 572 220
85 800 535
825 259 782
563 620 237
988 350 238
275 57 207
229 292 290
623 392 72
536 565 828
17 95 999
270 765 766
668 15 86
298 21 53
925 238 588
820 285 597
19 4 263
929 289 775
858 236 265
590 596 75
820 10 95
253 370 656
952 82 19
820 38 795
905 995 256
657 686 21
325 268 52
256 356 565
667 590 222
91 505 306
280 1 72
75 259 525
757 637 760
288 372 522
785 975 325
725 957 597
229 627 320
97 653 262
258 295 665
370 505 829
37 706 852
329 280 257
22 203 808
927 662 950
308 51 4
589 56 229
580 252 886
865 230 785
228 592 290
357 282 593
282 563 686
869 520 78
306 708 905
756 560 277
867 359 782
65 250 938
678 509 4
562 992 388
223 585 272
73 258 569
503 727 4
627 950 97
988 223 835
365 906 972
950 506 81
227 31 275
523 200 929
32 325 256
15 682 932
357 522 25
4 992 35
820 537 598
282 258 726
929 15 222
72 232 202
588 637 920
627 260 502
53 253 265
752 839 632
21 600 380
352 578 399
800 522 23
862 685 522
13 279 582
770 527 560
32 820 266
765 232 629
580 592 253
306 702 965
609 80 978
326 928 562
622 772 775
593 4 600
253 620 17
282 822 79
81 308 12
297 922 4
51 285 575
525 382 58
765 228 16
923 859 592
502 589 200
12 520 206
725 91 293
953 235 526
677 232 965
228 72 12
75 250 370
23 838 605
656 989 275
4 10 897
10 582 202
67 595 599
76 902 267
538 992 656
270 52 653
220 927 952
256 508 675
507 653 568
995 780 950
72 590 577
78 692 792
226 382 996
535 27 857
679 682 522
21 802 290
299 658 99
256 825 4
282 895 75
677 858 252
72 939 259
259 930 992
905 523 922
580 895 939
670 852 15
777 836 260
563 72 899
530 257 359
520 609 10
16 822 500
857 13 956
81 883 707
256 597 297
882 378 229
293 527 756
630 77 975
228 953 12
996 12 4
17 89 625
672 566 327
15 50 699
506 937 52
90 388 27
265 766 985
257 907 225
222 10 927
52 81 220
529 4 595
563 58 17
35 986 572
532 827 272
525 1 928
1 20 605
852 359 523
592 296 375
253 595 1
828 227 622
709 220 598
278 27 798
520 889 220
356 622 222
21 222 529
902 857 758
608 702 1
572 322 508
932 258 17
623 4 923
253 562 358
19 827 572
650 807 825
51 923 203
686 585 297
956 529 808
208 889 690
306 627 505
62 563 572
262 28 260
535 597 225
525 4 5
983 880 627
85 922 12
229 292 302
10 909 529
560 529 265
200 277 327
393 768 863
972 205 522
32 238 205
653 726 895
585 350 892
253 772 520
837 595 289
268 362 928
225 77 277
12 383 529
952 272 96
275 388 936
396 295 575
652 759 229
530 253 80
768 222 925
986 530 886
562 31 91
76 228 12
652 328 729
629 237 31
228 522 378
302 929 529
522 385 825
239 829 566
592 805 809
259 21 232
777 270 20
657 223 639
507 962 576
56 21 509
235 1 262
226 530 707
927 21 902
759 259 909
202 27 252
226 525 623
81 12 896
958 228 385
279 538 522
595 370 506
20 798 729
652 4 256
72 983 236
262 283 52
356 57 259
222 658 757
226 928 52
667 522 272
676 862 292
227 582 503
929 626 23
239 529 576
608 586 21
12 27 620
823 376 625
390 81 12
226 585 72
782 683 802
328 588 572
375 728 280
75 75 972
850 562 532
582 959 625
282 885 208
979 788 25
827 323 650
666 980 222
950 622 95
588 652 13
560 21 589
699 21 12
905 368 653
522 205 793
36 958 223
223 563 253
353 992 767
698 588 827
21 4 560
890 599 560
292 592 91
703 503 91
572 972 52
306 595 963
597 679 567
272 659 952
825 4 899
5 203 625
505 91 572
257 627 922
282 222 622
206 720 685
975 72 757
672 529 13
98 585 238
50 21 532
22 298 867
21 4 725
522 230 626
369 575 757
756 950 35
223 68 782
227 989 629
280 87 969
51 530 275
965 268 596
17 588 962
523 756 57
252 390 900
350 593 57
356 58 78
272 327 692
902 580 622
257 569 958
257 12 308
652 505 697
562 302 225
657 325 632
976 683 35
782 205 535
277 526 832
395 389 252
368 562 305
15 275 282
328 228 205
952 202 622
308 93 222
206 229 839
895 279 928
520 225 758
702 303 599
4 826 563
27 53 375
630 275 529
860 268 10
863 21 905
322 225 73
578 539 91
829 793 272
580 67 835
253 222 572
962 865 285
622 882 288
232 236 53
267 299 222
923 595 269
753 725 953
957 309 228
965 26 258
21 622 65
756 75 698
575 858 822
290 702 825
73 258 285
957 785 638
997 266 762
272 537 596
529 695 293
723 257 1
21 839 20
4 98 12
670 232 560
227 982 575
252 856 57
765 780 570
81 278 82
257 208 503
367 59 502
625 22 15
777 272 352
30 63 762
83 668 577
728 282 223
328 99 582
278 607 13
388 863 503
753 775 830
230 566 368
13 328 627
566 228 383
52 19 385
603 952 1
785 780 357
97 926 21
628 22 680
81 75 630
896 938 21
290 356 1
10 508 235
257 890 59
982 725 296
57 852 383
21 222 57
926 885 592
537 277 22
5 635 759
565 566 790
272 990 652
60 778 260
808 579 283
865 827 28
626 808 275
17 21 537
925 15 780
826 565 352
12 225 10
17 567 25
79 282 383
13 960 225
21 526 709
605 585 272
536 292 4
16 822 76
952 81 66
88 37 398
629 522 538
253 672 665
31 582 320
81 822 997
637 709 682
10 678 825
4 788 265
592 937 272
15 10 576
252 702 652
258 12 806
792 81 4
22 269 5
256 808 208
608 202 592
990 325 995
535 205 597
295 59 276
222 297 10
525 868 388
535 782 583
25 753 97
202 27 368
982 525 220
7 31 286
522 625 652
869 15 4
925 859 386
688 223 570
72 926 977
929 56 225
722 37 590
380 529 65
676 56 399
17 298 222
13 923 600
389 205 523
259 288 15
252 265 623
232 21 252
698 566 978
622 750 328
885 796 588
505 927 675
4 888 528
706 52 75
852 675 857
625 276 17
12 4 882
828 925 252
960 925 566
225 669 326
639 577 508
522 329 850
529 21 977
230 722 652
992 386 590
12 22 725
889 665 809
12 207 17
30 920 369
295 308 597
895 95 653
268 522 780
21 768 259
200 702 527
252 505 203
765 227 752
785 937 532
366 582 572
257 628 252
690 580 35
835 597 935
265 952 626
756 985 859
569 250 972
26 625 607
922 69 572
225 597 4
256 385 292
602 358 529
836 525 607
563 30 98
225 535 595
225 350 75
656 597 680
922 867 985
925 537 620
520 256 368
22 19 21
762 609 327
757 266 17
568 56 822
686 775 385
620 269 532
502 10 899
29 803 623
295 630 582
1 16 803
222 288 325
325 959 522
932 368 628
206 882 370
728 956 526
250 952 653
805 79 895
758 593 29
12 990 828
87 225 586
97 19 930
81 995 395
835 700 528
995 657 81
17 28 677
985 13 229
13 209 286
722 565 895
235 5 379
529 532 200
15 537 88
929 272 752
857 563 586
22 562 569
52 280 500
52 593 209
19 357 252
272 725 1
4 378 236
969 956 223
4 260 19
292 4 656
21 258 589
265 17 89
579 385 262
520 906 325
995 903 535
970 91 697
692 4 665
325 569 280
10 275 706
232 263 81
58 809 393
568 776 723
227 672 789
823 560 31
565 860 267
209 567 59
808 965 4
756 809 503
772 578 962
50 253 4
265 763 989
632 572 525
16 225 785
265 25 236
253 752 4
98 560 525
632 565 857
625 538 21
935 266 57
80 835 263
765 837 502
397 827 598
902 395 10
663 235 95
327 702 538
850 59 226
91 522 259
269 1 262
326 697 203
823 235 979
10 832 580
25 250 19
722 579 620
305 850 375
383 257 783
205 695 825
856 1 629
32 375 768
222 265 253
523 697 225
383 15 250
280 70 523
307 753 395
593 536 905
577 989 327
302 725 238
725 853 595
682 802 27
602 682 567
593 276 12
577 653 86
12 779 679
670 697 585
72 566 639
608 60 820
928 21 226
602 729 535
21 363 592
525 598 595
29 825 272
697 223 275
589 1 22
653 205 1
530 752 796
688 723 809
88 585 21
51 269 599
682 235 15
226 289 58
590 502 21
770 206 532
695 922 506
222 295 562
389 356 21
967 39 952
775 98 630
769 81 21
603 965 577
985 658 21
320 70 206
985 1 952
827 678 12
798 272 657
582 772 907
583 688 525
209 1 869
582 853 999
580 862 885
76 357 67
592 290 522
7 788 790
839 200 895
726 759 898
370 27 909
368 392 622
782 832 13
962 922 60
357 535 262
276 225 880
372 292 22
995 809 277
252 51 659
725 997 880
599 666 532
375 952 10
908 235 529
827 289 568
12 325 582
582 820 688
326 850 823
66 605 503
539 290 15
505 81 986
575 253 822
19 799 725
322 252 19
289 869 365
760 536 209
638 4 565
685 21 56
823 508 275
15 663 252
765 925 960
569 229 822
13 925 583
91 97 358
250 296 895
78 260 923
537 650 253
78 937 236
276 83 689
17 50 15
625 39 502
358 572 896
825 783 756
23 35 1