7000
488
580
604
959
51
663
580
109
990
51
163
868
79
16
501
95
650
482
601
862
531
921
903
413
255
299
490
861
928
148
893
913
921
404
859
921
865
453
66
923
931
90
561
81
521
153
14
362
263
995
15
282
11
13
659
865
91
368
404
11
315
815
36
531
219
869
838
315
602
16
54
71
646
198
165
510
892
841
410
521
631
421
443
15
469
316
310
494
319
281
163
91
801
299
194
556
152
181
900
861
696
523
206
355
193
622
255
92
851
663
381
162
425
235
109
516
821
1
235
350
136
490
916
491
435
380
97
816
10
31
852
310
195
196
542
240
819
18
652
859
814
831
235
922
11
421
655
924
149
315
74
551
37
815
162
219
820
43
290
19
143
961
509
463
31
491
156
983
181
13
1
931
915
208
561
366
595
508
886
552
61
313
886
413
898
414
635
938
61
262
889
819
639
15
31
355
101
148
698
815
106
162
17
21
920
356
886
832
841
915
631
622
620
103
208
16
97
102
1
631
951
225
52
526
251
101
47
544
615
19
291
935
963
30
96
682
94
438
913
16
520
869
265
47
946
549
150
27
61
553
501
21
51
100
830
225
541
453
1
653
504
23
36
19
993
984
91
914
300
1
61
108
149
581
884
992
644
90
97
232
409
629
680
184
251
820
11
596
17
919
625
493
483
428
601
18
938
513
324
81
156
149
16
148
969
698
219
153
7
515
486
203
528
198
31
669
191
41
441
693
610
891
68
894
98
263
525
831
146
44
329
894
951
842
27
935
50
461
168
63
432
71
64
602
165
1
623
16
57
154
193
669
648
651
105
59
563
161
938
21
653
436
386
161
354
31
185
485
37
235
836
255
923
87
185
914
593
51
160
962
563
606
899
881
942
89
142
164
813
51
840
148
863
862
864
426
288
815
421
135
886
94
380
262
420
904
261
199
73
56
229
281
161
73
424
944
1
223
361
401
924
62
161
328
828
630
203
87
97
153
931
840
91
930
809
98
240
221
299
190
308
13
269
313
669
818
181
592
351
366
7
166
11
955
920
682
70
851
41
483
801
188
665
293
615
850
359
359
653
405
650
10
425
27
824
409
402
222
689
552
288
37
995
898
86
381
931
551
193
136
586
392
659
839
146
410
98
69
181
21
61
910
888
483
159
418
1
359
950
802
618
503
185
360
524
618
681
67
210
251
494
79
458
683
324
223
945
74
205
48
319
886
232
521
17
436
498
625
482
913
181
78
169
154
285
616
662
324
161
892
598
842
108
968
1
19
825
11
961
16
531
466
561
236
191
829
936
81
76
40
1
11
848
16
150
515
301
623
67
284
51
695
135
921
232
632
992
485
682
538
163
931
541
862
384
195
69
10
19
955
445
921
493
515
521
561
519
515
618
138
546
100
638
916
381
420
160
13
47
959
11
532
683
73
953
222
931
821
151
362
61
91
499
992
288
61
166
946
522
410
189
260
41
67
250
469
252
251
284
486
654
814
415
225
880
508
256
142
18
399
410
635
76
481
265
61
255
51
835
17
698
55
68
842
103
991
27
292
629
619
11
17
184
625
813
73
950
559
961
76
131
11
101
27
54
524
362
153
161
153
61
918
999
502
862
37
986
68
97
131
802
631
641
649
651
355
459
74
880
132
161
802
910
19
97
609
999
145
431
67
365
293
155
78
524
841
10
141
75
45
583
898
441
91
83
942
939
28
509
76
699
432
802
163
386
202
191
16
82
71
561
132
623
850
402
232
451
295
959
944
618
31
543
614
213
481
864
881
18
100
141
308
108
851
105
684
13
309
81
991
131
144
75
1
482
13
238
546
81
91
7
910
191
646
631
835
98
11
73
418
329
493
388
51
599
840
358
1
261
141
24
27
508
964
15
589
248
75
461
71
86
638
15
222
322
105
17
494
841
215
253
382
918
17
359
47
23
308
890
290
47
639
313
69
418
152
168
90
495
141
166
391
668
183
431
224
104
852
61
544
395
15
259
193
941
491
258
47
803
640
396
161
235
136
594
990
105
79
868
905
17
850
91
156
21
598
18
415
291
47
205
196
613
864
854
19
825
860
844
610
321
886
87
452
81
47
210
22
62
983
613
455
35
960
352
71
18
103
131
643
100
324
91
861
992
102
615
945
814
414
835
431
61
855
182
431
593
266
159
841
51
52
51
161
482
136
816
17
488
432
599
29
32
844
41
591
138
61
27
964
351
925
499
74
72
17
413
152
40
850
13
11
582
914
31
918
10
686
223
67
604
48
353
232
21
581
315
68
919
982
382
91
836
655
284
181
621
43
27
218
23
228
132
84
914
930
629
48
613
863
1
87
635
399
460
61
61
559
183
593
216
981
428
201
152
569
594
350
181
868
93
182
418
416
81
499
800
94
238
441
959
688
302
316
130
438
10
101
48
91
309
805
919
358
420
696
922
10
141
531
844
186
78
325
15
31
74
420
421
814
989
256
993
149
891
150
451
935
521
458
181
17
855
819
391
520
61
502
52
255
436
25
803
425
61
71
241
41
618
842
408
283
990
291
654
91
922
100
79
389
951
241
851
941
18
608
500
909
885
196
668
268
921
813
81
990
830
14
616
71
158
864
661
81
850
61
814
464
241
71
465
415
943
449
229
535
196
141
48
161
93
495
616
318
409
40
643
293
246
935
988
16
963
898
284
360
591
295
7
836
555
67
163
313
838
76
328
48
102
593
453
615
17
891
71
380
1
132
461
1
81
414
948
939
681
151
83
455
14
60
582
591
999
656
11
48
591
251
148
513
519
803
314
53
514
691
419
290
19
388
242
698
501
465
15
822
57
289
609
820
865
862
565
15
981
11
188
505
609
91
39
61
901
662
143
380
101
660
841
801
668
163
208
168
569
662
61
83
892
131
106
353
81
31
319
145
219
45
289
165
936
561
601
161
144
395
489
300
529
645
70
963
153
902
466
506
221
941
809
905
916
856
103
436
76
245
213
195
48
543
91
681
193
10
358
140
523
159
7
320
141
816
553
223
219
208
140
894
681
882
483
72
286
79
481
21
439
70
185
651
88
70
231
190
146
242
186
15
496
829
130
541
840
91
18
903
830
496
491
23
653
195
881
526
94
401
309
193
381
881
92
415
199
140
13
130
163
222
808
62
460
536
908
698
439
868
892
910
506
182
162
306
915
491
450
444
951
153
662
81
259
78
264
835
299
543
991
600
369
925
965
866
314
361
562
215
293
526
691
91
891
37
904
78
391
953
441
101
253
661
255
72
7
446
14
426
141
181
420
221
581
92
863
251
806
57
18
51
87
75
138
313
16
491
71
950
901
829
266
42
665
169
15
515
89
104
61
608
495
460
98
886
881
56
320
203
964
25
195
639
90
566
14
464
951
945
81
529
629
951
185
316
169
390
819
61
588
921
166
283
268
984
984
72
583
408
131
75
19
441
194
194
510
891
131
81
862
13
318
169
814
464
900
7
522
844
864
78
420
201
76
144
546
14
446
681
844
71
55
16
57
551
850
616
454
396
804
11
591
451
419
954
79
204
70
389
513
191
514
481
558
505
550
84
135
915
189
684
16
624
32
441
91
75
984
10
551
97
13
11
248
860
445
681
202
425
131
916
965
131
659
31
413
814
78
158
669
61
910
941
921
591
484
410
600
44
586
169
915
15
351
268
622
515
361
965
214
258
31
41
59
464
71
55
17
490
419
324
818
606
893
102
351
41
521
636
141
231
808
863
416
609
409
865
202
81
860
941
989
46
138
68
831
210
37
13
158
525
539
613
441
15
19
518
316
141
652
251
385
18
450
466
855
31
51
688
854
860
565
580
850
695
426
244
18
821
869
200
245
941
76
461
618
361
641
265
220
648
801
802
304
568
891
952
210
488
57
97
654
621
602
508
97
405
19
17
300
81
313
468
941
641
18
882
850
425
540
820
618
413
64
949
424
136
521
451
204
81
181
991
154
132
169
300
1
52
96
295
246
841
13
19
985
483
624
502
131
51
903
969
65
543
51
310
319
72
483
959
422
844
518
822
15
569
249
431
403
463
692
67
413
838
944
31
183
239
221
843
560
16
903
215
821
256
81
861
592
643
464
438
416
18
39
513
669
998
248
451
403
61
389
451
148
631
424
941
324
201
498
169
841
71
921
902
131
306
413
498
109
71
226
689
26
903
530
143
385
903
838
81
47
483
866
819
913
218
158
14
301
105
1
186
350
843
91
951
216
868
103
11
463
104
81
498
151
393
825
101
260
944
561
190
381
164
818
292
880
516
800
11
550
41
16
190
532
696
97
629
21
71
161
980
108
843
51
19
101
220
37
102
865
442
661
556
530
70
818
240
944
130
136
194
361
593
944
884
14
865
363
11
216
414
930
106
630
91
322
75
431
25
329
36
894
589
18
224
288
481
103
146
549
514
145
363
393
51
942
482
539
356
59
500
932
302
181
219
231
104
952
906
821
101
189
922
383
288
415
530
252
484
894
293
615
16
302
838
298
813
910
503
568
642
813
139
48
488
555
516
359
845
41
441
143
58
919
354
463
81
208
180
541
156
51
631
481
958
819
961
435
368
195
72
809
81
439
192
513
136
865
145
655
319
31
961
600
51
461
614
955
691
941
315
430
184
380
323
11
842
51
13
413
31
37
926
14
26
962
601
191
645
869
801
916
861
37
386
481
75
424
461
79
992
61
852
236
590
415
99
185
48
464
22
698
819
195
931
606
689
482
135
991
104
496
423
318
13
991
314
991
563
505
153
549
622
27
482
220
448
931
7
81
414
416
86
49
562
588
188
159
828
610
481
510
61
18
151
596
256
190
10
79
956
902
518
266
289
255
408
931
181
296
328
592
310
18
831
558
639
192
414
161
999
510
282
161
592
252
150
501
47
61
13
100
31
160
462
238
162
441
942
109
365
909
628
38
81
16
961
614
151
13
410
18
218
35
47
813
1
665
200
1
440
39
995
20
66
152
13
239
15
73
585
840
952
49
50
445
683
838
889
104
11
13
946
154
829
424
108
364
361
593
131
162
394
71
920
398
79
11
630
902
242
13
948
939
530
405
651
600
106
381
27
642
515
240
44
161
965
1
981
350
914
888
153
982
814
15
918
506
168
71
52
688
143
416
76
15
19
142
254
359
201
38
132
959
830
998
880
288
492
39
242
47
188
309
141
598
186
522
191
801
969
101
818
639
658
17
251
531
97
435
351
109
542
610
465
72
942
45
71
268
610
900
439
15
51
216
495
315
621
138
148
651
249
10
403
30
981
939
551
265
319
66
981
236
13
430
638
361
316
46
282
908
843
239
163
51
961
813
515
598
218
458
254
159
75
886
21
845
13
321
902
1
140
356
561
603
906
820
531
27
21
73
916
228
323
694
109
410
241
863
27
149
410
143
848
622
269
491
408
631
536
1
350
453
191
31
163
913
601
918
1
958
591
532
443
208
1
365
61
493
87
689
842
161
10
131
152
169
219
914
55
864
819
57
84
10
14
493
290
510
554
904
980
818
965
248
246
184
854
944
426
166
609
102
295
660
41
155
481
541
409
491
618
216
1
682
948
850
930
829
460
631
516
616
924
496
451
37
918
814
140
925
11
162
41
488
623
666
469
555
526
1
813
16
581
61
165
583
469
323
289
484
101
222
11
819
990
196
669
521
108
606
944
186
109
283
955
616
935
1
404
940
19
446
963
1
415
625
489
546
466
628
955
661
643
410
185
97
18
901
526
243
219
908
842
462
519
636
855
868
131
981
453
201
991
424
291
45
891
195
249
622
76
909
826
67
630
304
604
918
11
642
848
699
223
686
886
54
288
843
420
161
500
31
468
441
856
242
1
940
683
281
168
1
310
144
360
608
413
456
243
160
522
630
281
219
15
562
252
631
695
932
424
140
51
192
604
198
491
52
1
632
994
914
301
313
253
72
11
319
210
313
522
886
149
356
843
246
16
384
498
665
566
948
449
135
71
609
820
608
326
239
181
58
650
801
801
602
926
615
491
985
130
169
391
891
246
848
131
543
409
621
21
990
639
649
599
552
101
91
458
804
356
964
613
399
136
205
839
522
258
200
421
543
395
293
668
76
208
71
186
1
359
643
480
841
299
198
851
510
519
598
245
89
595
546
661
51
46
42
304
90
13
463
76
516
310
814
862
131
429
958
536
13
351
11
814
861
31
942
163
106
109
284
314
85
1
29
680
64
420
91
665
940
399
924
109
365
494
21
16
431
915
165
222
483
844
580
943
518
296
11
19
168
414
250
74
624
651
249
531
17
545
984
146
951
198
845
81
168
409
993
553
52
684
450
455
981
27
818
810
661
941
456
195
916
308
37
532
618
444
313
88
138
653
669
462
13
14
97
10
823
74
298
21
423
102
155
569
168
14
185
620
353
104
501
820
660
891
456
484
623
186
213
859
928
309
141
881
185
17
21
12
814
498
1
15
81
165
298
26
395
220
102
298
316
51
188
17
191
141
443
431
245
239
18
44
313
285
643
521
910
939
410
298
160
74
610
131
293
828
699
232
442
91
293
161
11
883
51
916
39
426
369
285
819
415
810
62
81
351
868
61
496
281
582
145
614
955
68
636
541
541
251
135
45
16
135
514
635
513
256
97
959
609
14
193
202
1
566
22
15
669
956
16
552
952
136
67
515
902
932
449
146
181
616
262
50
315
919
414
74
263
696
691
16
491
10
884
531
13
613
536
141
653
152
623
982
131
500
591
846
896
246
326
141
984
159
23
151
544
498
149
87
13
569
155
14
41
42
361
413
506
825
844
642
435
17
983
410
504
66
130
642
480
224
692
81
139
76
448
814
658
823
810
81
16
988
615
828
510
914
321
162
51
580
186
18
842
853
932
226
169
185
493
281
15
439
88
938
11
313
819
465
17
603
513
903
57
195
813
18
201
101
81
554
389
309
430
38
915
109
300
290
419
454
231
73
369
853
94
181
152
299
531
406
598
544
454
518
439
39
42
456
535
201
683
815
22
321
819
45
631
946
221
27
31
950
682
19
455
514
180
398
231
91
21
15
360
204
904
11
246
14
141
61
531
100
280
888
944
81
515
953
1
195
860
585
144
951
889
91
70
41
993
602
221
57
101
405
286
505
97
454
931
10
988
813
1
286
523
819
81
78
531
569
10
75
71
143
496
59
996
202
303
321
991
91
661
658
79
561
399
325
850
446
415
590
280
555
151
152
380
398
418
519
460
616
318
590
42
582
582
81
139
641
169
699
51
928
613
11
438
426
21
848
956
663
806
625
590
963
432
10
61
62
17
161
596
17
23
896
593
13
181
914
91
898
861
315
465
691
218
695
57
155
19
363
418
101
680
132
35
240
461
613
553
17
661
626
48
38
105
640
564
79
91
199
961
416
513
942
636
73
69
313
88
415
329
832
252
142
531
595
100
482
936
230
691
190
141
89
960
686
235
309
494
204
388
922
261
910
199
819
913
67
884
249
564
40
910
421
305
188
854
19
325
400
661
584
109
998
138
130
563
315
438
621
243
651
991
623
19
514
61
594
449
539
918
316
131
268
559
683
513
35
73
483
391
515
309
81
183
420
440
37
41
190
309
24
130
229
131
816
324
142
826
90
202
404
885
514
416
254
563
838
392
250
354
293
102
542
416
19
150
861
74
216
690
524
415
631
161
73
822
35
51
246
428
132
254
429
505
164
690
31
498
71
246
840
914
521
306
139
569
430
326
14
64
155
195
921
654
620
962
159
21
518
843
141
195
11
18
564
215
640
27
210
201
616
590
196
864
410
646
459
323
962
301
653
999
691
16
280
91
562
518
71
615
151
296
948
428
199
268
691
13
835
264
616
76
47
480
628
601
381
37
214
262
18
962
226
983
55
91
299
17
58
319
441
15
76
144
218
57
200
814
218
815
18
261
351
18
13
209
71
388
74
463
166
289
569
492
990
290
652
21
11
78
71
102
91
514
401
210
803
11
97
218
531
955
429
91
504
650
965
684
414
593
431
456
482
992
850
554
161
92
13
141
444
10
249
918
460
616
139
188
499
448
901
10
423
992
806
201
79
26
695
49
21
359
538
269
513
160
181
101
601
644
648
201
87
73
100
441
214
924
608
7
18
37
499
463
862
619
910
894
17
484
57
78
590
489
150
961
324
464
1
455
326
97
19
255
883
183
416
19
221
485
84
61
921
105
610
362
205
609
362
103
838
67
214
913
484
531
15
151
48
361
71
72
996
41
78
646
586
20
215
583
149
181
162
102
659
569
964
510
221
288
59
519
428
299
581
680
926
839
310
52
910
541
296
51
391
504
61
215
61
198
422
41
189
820
624
76
71
508
626
413
354
594
222
141
41
925
590
954
480
154
383
326
355
158
198
31
17
218
823
882
498
610
356
565
354
18
401
60
889
94
880
814
41
865
366
850
72
55
11
680
985
205
541
91
81
853
249
430
23
982
501
299
184
952
944
388
195
15
915
384
139
416
516
100
532
919
219
164
818
184
621
73
141
109
37
109
67
329
256
525
219
918
109
149
75
322
562
78
195
501
152
991
109
52
691
161
280
645
863
46
131
16
696
69
886
620
660
661
352
90
263
400
400
186
205
526
61
103
268
524
461
910
139
13
91
514
481
388
210
83
459
660
640
31
414
99
504
932
424
18
584
861
390
328
984
158
429
263
165
414
284
488
862
650
76
31
199
91
489
19
143
191
893
154
955
992
131
826
393
918
269
940
391
236
415
444
636
323
155
644
156
462
941
669
821
16
19
62
145
606
149
440
78
191
41
460
67
992
314
74
185
554
258
560
835
28
135
616
40
639
810
649
86
166
1
195
385
691
229
689
536
41
438
61
109
203
161
869
246
100
861
58
810
282
832
691
456
285
256
195
802
649
265
654
241
860
18
605
454
150
200
61
78
218
85
599
319
966
383
900
51
78
138
929
604
603
499
139
209
588
819
50
314
453
13
696
15
260
919
255
431
231
214
14
192
405
903
10
199
296
446
302
16
415
10
632
37
659
15
295
831
19
18
94
102
138
108
13
231
15
396
264
78
35
301
859
182
804
900
982
154
164
286
214
626
930
214
921
320
256
76
162
814
419
145
916
166
688
318
181
509
198
516
302
514
648
21
829
843
81
441
361
324
91
494
282
17
201
92
685
562
386
425
601
168
355
78
105
441
944
930
63
61
521
950
954
103
519
539
918
928
984
24
401
1
414
668
54
481
209
315
950
380
182
464
458
956
182
381
868
869
21
188
581
1
888
19
239
183
141
216
692
688
568
455
358
283
602
73
162
526
1
286
853
76
18
959
183
516
654
865
220
21
183
946
264
51
965
56
241
242
424
1
282
608
686
403
191
41
916
539
91
495
866
198
51
97
19
13
539
624
655
590
194
300
364
186
11
194
269
814
91
692
665
304
650
866
913
31
315
130
850
146
650
31
663
445
191
189
318
856
50
319
153
918
416
315
302
184
220
10
16
208
866
440
831
149
580
422
699
89
146
74
983
395
452
431
662
73
899
963
899
820
462
308
551
138
618
865
643
140
61
71
245
839
953
67
51
1
24
840
216
246
860
863
550
489
181
72
989
70
452
855
41
39
91
168
569
843
624
368
94
530
409
61
968
41
358
18
685
650
313
945
691
888
483
292
999
692
663
906
31
1
95
130
942
16
10
386
23
616
200
106
105
856
254
913
585
322
306
168
351
363
199
309
491
830
481
931
169
510
51
888
514
304
839
915
410
530
315
989
498
67
242
480
913
219
81
896
99
500
185
916
261
519
213
860
951
454
81
921
152
922
300
13
88
950
604
666
530
32
18
899
131
591
648
35
163
519
41
215
40
919
453
130
810
1
524
144
21
81
901
638
804
138
538
59
19
191
36
184
420
355
15
424
498
293
325
448
439
22
17
958
16
51
321
918
861
566
682
19
569
660
361
550
18
166
59
242
901
81
57
139
513
71
70
528
410
649
486
498
87
898
152
992
58
621
73
492
183
14
623
419
161
462
940
255
105
192
244
810
7
320
403
265
930
444
21
244
64
109
485
158
151
303
810
629
682
630
11
559
539
566
141
13
201
426
535
381
881
484
941
959
441
859
901
515
641
195
56
301
538
949
41
67
502
683
468
618
350
232
459
153
161
149
231
530
923
928
15
620
551
813
280
989
51
251
522
28
151
500
13
810
804
820
918
199
691
831
71
638
47
589
21
920
169
516
145
500
294
654
213
246
302
581
50
891
803
62
181
199
59
203
442
318
999
642
87
319
881
49
214
442
640
15
81
39
258
149
148
513
186
689
818
653
921
31
89
851
488
559
608
284
380
13
988
484
908
108
76
286
31
842
882
800
13
140
553
951
91
21
73
418
860
552
989
594
320
954
162
418
43
321
399
362
78
419
948
688
282
363
489
551
151
869
841
310
965
468
661
91
499
192
441
191
64
991
44
808
155
453
663
490
420
316
198
51
862
301
15
13
300
86
395
168
163
145
135
923
591
446
866
15
850
918
130
993
651
554
30
148
998
95
801
221
981
166
951
41
86
818
25
832
163
241
622
410
456
296
501
19
91
418
561
991
362
952
79
31
62
99
26
181
17
11
52
148
37
519
414
888
893
16
231
208
13
189
482
590
465
81
57
901
222
214
504
519
250
965
980
863
221
519
189
803
506
921
87
1
363
262
321
496
440
87
446
389
210
18
97
140
891
431
313
516
415
199
73
152
265
800
61
31
938
61
28
350
75
419
216
484
421
135
492
620
265
681
41
72
292
55
161
422
695
686
904
314
551
696
130
694
159
324
942
919
662
693
939
656
156
915
585
15
97
224
365
131
465
324
154
51
802
255
183
819
100
168
851
391
891
83
16
240
80
71
146
544
515
414
868
495
653
815
362
831
650
308
16
71
613
820
298
801
580
464
130
556
213
131
321
441
18
649
138
951
293
316
181
132
919
888
30
683
414
145
946
11
15
961
800
555
65
529
653
292
415
57
825
882
836
283
384
384
629
324
18
835
61
605
210
662
192
7
229
853
493
205
214
585
15
181
206
31
198
18
803
161
990
651
390
692
489
385
1
569
908
106
353
78
181
469
551
681
422
61
191
11
653
853
162
438
41
105
584
816
258
944
629
11
816
489
614
439
515
208
75
41
359
295
443
643
239
432
419
930
87
219
249
543
14
828
109
414
161
91
161
894
101
138
70
696
49
95
943
71
806
450
194
31
588
213
1
260
468
914
581
19
914
814
826
389
986
808
63
262
555
495
429
262
542
854
499
74
69
12
919
950
602
47
453
832
240
615
135
1
453
442
842
969
601
662
81
152
249
846
364
399
925
350
322
565
960
73
82
252
540
688
841
691
495
394
919
564
1
544
181
398
669
682
10
109
1
383
61
664
182
46
13
154
921
625
79
216
419
62
851
141
692
49
596
698
501
853
56
501
241
81
31
91
250
893
813
151
61
139
301
185
355
101
891
655
21
108
851
15
450
482
455
153
196
14
166
846
448
67
991
508
281
71
404
1
206
888
662
451
843
228
615
690
75
216
810
146
7
76
165
184
451
622
526
938
181
615
991
35
182
140
683
302
951
290
499
891
381
193
319
184
922
255
162
935
884
316
931
210
1
483
169
562
31
661
10
57
83
564
71
71
190
183
383
104
164
142
86
690
168
57
236
186
810
682
160
91
881
156
616
450
561
190
698
51
559
245
280
150
245
559
164
561
72
7
69
41
19
136
155
71
1
590
143
251
981
224
552
242
613
510
641
74
802
942
205
955
79
830
19
544
153
584
619
626
168
404
444
842
804
13
838
648
849
419
151
228
13
983
1
41
631
61
210
363
324
518
983
814
16
11
959
621
72
56
616
991
804
201
615
102
151
663
181
444
166
938
1
390
506
148
363
620
142
76
694
97
400
616
646
985
7
498
192
318
516
263
103
668
931
81
151
316
136
325
11
521
506
852
540
15
581
24
108
13
161
951
1
881
930
391
514
461
510
21
510
915
242
542
568
803
453
524
18
614
151
188
13
93
550
806
76
223
262
993
818
561
815
195
962
554
958
82
625
14
17
523
800
865
361
39
619
322
192
609
18
665
71
266
241
13
97
26
142
41
654
15
828
251
152
816
916
15
954
153
10
860
104
81
263
952
593
493
61
31
108
17
462
490
1
496
102
518
513
618
148
589
452
431
314
930
14
662
926
681
216
453
78
361
156
603
815
243
78
820
235
884
410
146
516
108
91
608
70
523
182
269
569
295
816
896
190
76
598
13
658
951
13
944
850
383
851
75
413
27
409
256
205
943
815
326
153
831
886
401
429
841
630
665
69
11
191
28
482
13
544
646
17
539
553
844
618
155
262
215
444
180
502
19
959
220
580
968
17
386
72
73
825
699
61
623
598
444
243
91
46
486
19
159
98
71
960
18
19
448
7
161
7
193
316
241
860
300
601
251
554
81
316
652
662
921
960
161
140
554
220
486
218
244
17
861
463
513
454
998
41
56
41
293
480
143
506
496
230
902
151
144
301
229
561
515
945
141
268
588
424
238
64
651
241
256
18
999
224
521
13
19
415
290
955
47
15
31
166
994
898
432
813
199
292
369
17
59
164
79
931
63
191
154
924
431
908
628
224
10
806
301
91
415
543
954
592
11
521
196
910
72
14
899
27
248
41
148
15
64
495
514
841
329
521
204
941
635
925
555
81
191
10
74
61
223
424
416
46
616
15
181
76
319
243
185
538
169
135
421
83
216
219
191
162
161
610
91
16
252
819
415
199
218
10
413
561
932
491
801
469
814
215
353
158
642
30
569
558
282
668
465
519
95
51
36
265
215
101
7
804
686
381
37
316
21
185
101
252
389
888
61
890
605
699
97
280
225
896
310
849
855
52
70
281
161
144
1
661
136
13
224
61
188
608
806
658
10
581
223
76
136
593
401
146
399
48
430
15
513
916
616
291
155
816
23
555
629
666
915
53
658
809
60
16
365
809
39
315
614
17
426
818
914
991
98
221
961
493
416
15
15
67
931
51
190
935
494
631
443
80
928
37
829
328
810
843
441
37
590
631
152
246
418
491
804
248
1
15
468
518
821
132
981
291
169
909
618
41
162
863
451
99
466
87
936
48
1
70
1
605
486
82
596
71
37
998
68
640
469
992
953
522
19
454
841
18
839
144
465
544
625
645
656
903
189
182
500
843
202
491
966
182
47
610
52
143
394
161
516
249
619
480
691
329
57
663
56
72
196
319
641
97
13
17
359
430
154
182
631
539
584
164
615
365
946
518
362
418
91
659
1
510
485
213
455
523
356
294
402
81
813
221
150
1
564
642
641
81
818
11
590
552
410
57
10
41
865
15
79
61
67
158
386
830
259
821
13
556
196
508
559
96
981
355
866
300
280
615
95
84
829
57
81
21
835
91
664
615
825
580
293
81
822
619
691
47
953
405
199
165
646
326
892
194
28
189
481
844
161
218
410
30
921
259
12
514
188
496
546
288
931
885
16
68
13
149
198
154
91
193
47
350
241
690
828
130
60
432
445
351
960
215
588
190
369
15
258
956
395
891
91
37
74
158
953
691
894
929
7
141
57
451
519
131
696
18
465
925
961
959
952
650
131
195
249
406
38
63
102
483
264
87
13
593
329
410
463
250
563
600
136
361
395
686
236
395
924
151
988
509
1
601
510
632
230
661
103
980
524
591
15
548
820
624
391
858
424
621
416
499
246
681
266
415
813
322
681
57
989
143
19
104
430
222
649
405
243
380
586
13
642
214
201
624
659
614
628
991
16
399
87
240
11
203
856
855
423
668
10
150
18
261
320
988
224
810
355
39
155
931
621
100
61
825
71
165
20
103
591
520
79
131
309
443
251
918
166
408
47
819
848
18
14
508
800
192
361
249
143
57
163
309
145
416
513
909
11
261
461
595
601
402
848
13
628
61
419
616
845
16
445
603
21
494
76
980
136
13
813
421
245
602
882
66
181
886
802
140
560
814
558
880
191
998
57
385
328
11
51
12
156
298
201
45
196
70
591
132
73
658
18
66
428
638
53
37
41
31
546
969
988
558
992
57
13
37
625
583
814
355
555
262
810
932
102
182
814
905
131
932
408
438
642
644
11
825
160
691
392
355
836
540
699
131
361
662
14
21
49
481
151
960
1
862
19
443
931
13
853
214
62
919
529
658
522
916
61
326
825
962
993
71
181
57
104
61
296
401
964
914
225
940
960
41
153
183
518
923
651
148
818
105
13
91
84
298
416
548
662
196
318
813
990
506
64
429
154
290
804
109
583
41
986
183
358
132
548
261
329
97
11
553
416
31
840
98
560
356
892
624
296
45
501
818
151
306
552
78
616
481
813
186
610
439
405
501
97
66
663
16
19
389
881
409
80
78
425
263
908
358
925
613
26
322
14
486
516
513
53
951
41
896
131
925
192
265
416
432
826
525
808
214
603
169
326
463
283
626
658
191
810
403
97
193
230
383
135
101
681
385
935
492
855
140
313
61
10
19
10
100
316
394
69
11
196
215
431
898
7
61
490
26
524
61
71
632
562
352
135
143
452
893
392
420
646
521
188
231
385
586
406
265
405
81
11
898
79
67
39
140
514
70
430
931
13
384
610
400
191
915
153
13
130
461
47
501
628
849
935
445
16
199
921
422
152
41
915
149
316
14
154
523
692
896
621
585
395
513
219
351
664
135
986
17
461
556
136
893
496
51
202
301
952
322
316
313
916
968
135
820
558
316
404
103
16
392
983
930
105
815
954
155
52
935
229
354
146
36
892
416
822
226
65
63
131
1
619
535
842
428
160
562
79
453
73
64
514
161
890
906
10
153
963
605
220
928
31
56
11
189
900
618
603
153
458
293
222
16
308
156
840
17
260
513
695
14
596
556
815
406
306
361
304
948
843
389
982
288
14
481
424
71
550
460
825
288
94
513
951
913
454
214
81
946
73
563
41
1
852
388
903
13
190
390
421
102
406
354
614
19
226
914
456
848
238
960
435
666
146
988
159
991
71
76
61
16
926
545
415
63
21
616
515
91
11
816
229
158
586
10
929
81
213
109
306
691
31
215
515
510
283
62
30
103
214
299
981
515
363
152
509
181
488
605
402
313
351
404
251
581
321
51
57
822
65
542
458
500
800
393
508
41
201
240
652
915
928
925
851
57
415
351
390
930
440
268
513
688
10
194
613
662
285
546
990
553
251
366
1
103
638
986
882
13
666
288
908
191
414
910
816
394
653
141
144
65
815
155
362
821
182
962
100
908
240
56
885
962
350
143
961
303
221
161
561
860
915
881
293
481
583
623
68
216
18
989
101
881
485
380
981
236
531
292
626
231
888
27
314
315
409
580
514
74
952
130
498
213
916
203
395
615
666
249
638
694
193
352
191
97
614
535
64
363
222
453
260
140
532
485
369
181
415
545
159
15
510
285
67
199
400
815
329
146
163
148
1
603
11
450
621
204
666
624
465
891
10
888
514
908
425
918
264
661
26
108
7
109
462
556
18
618
60
19
609
859
432
858
493
523
62
530
553
294
622
76
15
57
354
954
37
616
81
246
854
230
13
54
225
929
526
421
94
496
598
162
863
308
81
140
435
604
693
638
631
61
83
20
238
418
491
292
41
79
955
222
458
21
510
910
254
695
923
41
191
222
301
681
621
486
414
531
383
91
861
841
79
206
108
808
621
491
658
105
518
422
104
916
97
608
31
51
888
1
241
644
635
75
225
14
291
202
260
222
684
355
858
41
81
556
318
105
963
453
154
992
285
429
314
142
589
602
945
559
521
74
142
286
151
628
314
103
631
563
51
588
520
1
199
441
36
491
402
149
443
1
954
191
520
226
616
544
130
41
981
881
362
888
955
591
460
45
442
881
599
11
358
591
