7396
43 106
58 41
30 695
627 588
82 954
10 824
996 541
567 946
541 515
587 978
698 51
276 547
87 50
724 854
502 471
791 458
692 516
442 109
468 418
910 51
3 30
35 761
79 56
699 761
877 422
38 999
976 847
484 985
3 528
105 788
481 241
241 695
974 508
869 54
941 787
677 224
894 105
32 926
509 456
23 899
51 30
30 105
668 582
950 742
466 514
13 5
767 10
954 545
699 746
23 36
185 30
684 487
93 54
35 625
850 38
93 509
244 161
104 752
688 414
996 109
225 518
789 36
74 13
485 281
3 587
486 189
545 989
984 38
101 828
746 710
43 15
10 222
36 92
610 69
75 158
689 856
971 446
484 992
818 788
13 30
751 30
54 995
109 828
954 948
510 42
661 568
501 23
215 548
441 37
109 510
918 528
37 35
750 504
34 102
38 688
30 97
689 504
43 56
982 810
475 99
910 674
688 52
850 684
35 989
108 508
109 15
30 88
63 227
258 510
36 789
789 15
489 451
750 144
505 916
185 726
792 916
542 686
548 672
524 699
75 674
105 36
184 474
109 950
501 35
276 486
508 53
691 978
3 56
889 10
942 30
976 871
444 568
509 444
54 854
43 53
75 35
899 268
50 95
225 586
36 661
256 476
994 30
22 63
54 142
744 36
891 810
109 66
278 451
569 489
878 68
509 850
36 226
956 525
544 454
181 16
282 99
105 682
826 144
510 667
53 585
484 225
569 108
546 105
101 34
72 669
24 104
450 73
922 869
948 101
184 715
502 979
250 73
3 72
745 21
845 584
105 542
95 985
867 851
42 699
104 454
476 518
675 978
53 999
746 30
284 109
877 102
53 23
452 874
527 50
874 18
444 950
518 486
622 61
36 509
221 489
242 788
799 30
895 451
977 475
854 751
285 568
677 682
109 35
544 145
542 681
30 52
32 781
810 682
427 874
525 15
898 508
982 508
587 995
950 782
486 589
625 676
108 502
785 158
62 14
410 43
924 54
38 418
762 38
184 5
545 910
952 3
181 509
485 995
162 827
210 37
508 989
509 1
10 699
482 714
882 5
445 102
689 250
988 35
93 104
769 25
104 945
47 525
975 854
750 44
750 91
696 85
507 274
27 789
268 504
522 698
684 10
456 685
777 166
526 507
45 32
36 781
745 451
108 3
472 101
910 450
73 952
450 72
504 926
771 754
699 928
544 876
668 748
899 852
185 869
251 425
81 894
504 30
505 799
36 43
544 51
628 999
85 32
750 34
36 995
774 789
109 692
141 841
84 73
101 150
751 250
468 105
815 285
54 850
544 445
506 995
548 510
874 61
848 108
450 95
506 710
954 699
23 505
448 3
505 545
985 589
984 509
73 18
93 50
946 51
44 854
861 766
501 768
769 43
610 25
3 279
950 988
43 410
997 35
818 226
41 762
266 661
36 3
698 36
874 787
509 269
587 144
950 95
32 3
258 545
886 956
185 771
505 515
448 104
507 748
3 827
489 844
674 951
36 509
510 3
787 36
32 692
51 3
869 995
622 225
88 162
35 992
16 3
189 987
581 958
16 699
278 528
93 667
30 589
34 510
510 185
509 851
845 542
507 10
23 427
16 698
35 876
507 752
43 878
527 971
691 36
421 454
248 30
38 107
546 445
107 462
34 38
788 284
288 514
43 545
509 850
150 678
548 772
51 516
73 505
34 679
35 882
93 289
48 102
56 241
995 768
38 34
414 477
507 995
422 789
685 34
547 926
44 471
992 30
768 10
454 109
73 910
986 879
75 678
107 951
108 63
985 524
73 150
501 69
989 478
779 667
678 108
62 982
548 58
50 258
75 875
73 982
847 141
71 105
510 105
976 42
847 545
771 102
797 36
222 814
510 30
30 784
471 505
510 38
84 888
584 36
505 36
505 750
781 566
97 281
10 995
51 478
34 685
786 36
266 662
584 677
109 697
250 91
469 615
897 721
38 414
741 276
245 791
47 789
13 506
771 93
515 50
99 66
684 30
36 545
877 915
36 23
544 51
871 789
89 774
745 35
781 104
928 73
169 509
585 30
521 267
510 286
102 728
618 761
58 548
505 916
250 669
30 798
507 44
38 750
916 45
107 16
982 507
45 99
43 54
458 35
922 895
142 94
725 250
981 89
108 268
681 475
841 92
477 32
254 76
489 34
546 58
36 187
454 505
3 53
188 774
467 502
3 895
169 142
30 788
854 71
954 91
36 507
615 998
44 785
36 30
3 510
589 506
43 784
10 210
501 36
32 426
450 36
14 510
108 925
450 875
544 516
925 79
848 66
54 585
35 152
978 868
586 507
910 102
509 35
910 678
762 32
899 84
87 675
886 56
510 225
63 769
416 216
43 546
992 662
481 568
691 58
778 796
786 35
775 3
3 818
892 452
515 692
186 35
762 93
210 30
869 995
36 956
871 741
102 854
47 32
779 23
251 53
36 151
505 950
87 505
144 544
43 502
45 754
885 36
41 997
241 877
768 948
786 545
762 35
695 506
695 997
214 469
416 34
789 50
22 991
450 981
102 586
109 36
10 101
37 679
35 791
73 698
75 488
471 16
724 266
146 762
509 545
528 585
53 910
625 869
23 761
23 450
482 947
699 454
687 545
589 477
710 984
150 34
450 509
989 250
3 505
43 251
668 277
569 874
425 222
151 88
479 924
942 43
710 36
38 104
42 30
54 502
44 628
950 3
95 225
768 505
897 36
504 624
278 626
782 58
710 285
87 891
452 14
93 895
508 36
877 450
43 3
989 914
954 610
788 34
899 518
895 508
750 984
874 986
30 885
585 994
3 441
618 278
34 585
78 15
561 250
508 995
56 410
487 589
824 895
448 899
35 878
35 53
816 58
36 154
505 227
68 587
587 998
148 977
991 107
910 524
521 627
505 509
786 716
899 766
50 248
145 185
687 50
508 677
18 289
509 848
946 950
676 81
50 958
68 884
262 510
514 698
889 775
107 16
35 927
38 509
38 30
99 34
35 274
785 15
526 667
879 610
587 788
189 895
927 541
36 991
787 896
3 695
697 410
18 504
30 697
24 53
447 93
261 73
978 56
91 786
788 899
714 697
450 95
561 798
34 541
106 107
5 876
868 505
15 36
568 699
47 505
569 697
754 13
610 36
30 684
505 858
895 774
247 610
43 23
86 25
3 476
52 898
36 24
668 987
858 43
225 948
509 508
618 35
51 750
818 58
30 845
187 667
925 716
106 53
769 254
999 79
108 53
23 978
250 215
250 38
34 272
69 167
146 63
247 482
768 478
981 48
785 547
508 504
106 251
781 815
35 73
792 616
102 999
625 25
3 256
38 58
36 766
761 991
13 34
472 695
976 625
478 776
262 102
502 446
73 950
218 754
18 508
105 250
542 672
541 782
988 36
944 899
3 505
589 892
89 21
102 63
226 43
3 286
36 818
63 981
714 508
508 1
13 34
109 916
181 728
841 50
699 950
792 910
43 445
410 32
628 756
104 545
51 53
78 698
752 544
958 545
76 507
35 484
189 794
34 956
514 69
750 504
63 998
262 784
892 445
3 521
38 472
30 23
95 52
68 250
876 36
528 975
997 109
52 796
810 425
10 36
616 698
694 162
56 505
776 50
458 36
36 501
756 785
910 23
810 281
622 36
547 91
518 168
689 548
32 769
268 27
3 450
25 872
452 10
32 985
84 502
50 944
545 847
81 728
13 507
36 568
38 689
250 862
218 93
3 716
56 441
108 518
32 150
684 668
34 38
767 525
35 910
450 71
894 73
3 501
489 682
992 771
48 546
514 43
681 82
626 35
446 50
169 716
36 250
542 79
672 72
216 47
505 899
784 689
51 947
478 995
699 505
541 505
468 141
36 841
685 999
896 448
679 454
501 35
514 425
987 769
587 715
36 668
52 589
442 61
886 508
251 476
445 425
581 48
854 509
61 626
189 38
78 23
715 502
35 685
35 23
227 1
38 36
977 152
74 36
789 897
509 984
278 505
277 36
76 450
610 526
54 169
510 222
756 682
61 581
750 36
501 744
628 37
36 13
68 858
32 87
24 3
778 241
725 695
858 525
38 54
14 250
278 885
762 454
250 895
30 426
795 3
248 997
50 14
485 30
30 710
36 692
278 36
522 786
688 108
995 687
810 37
161 899
36 109
36 507
896 541
461 32
10 3
73 1
72 994
589 992
37 858
754 54
93 10
897 146
526 514
567 458
485 15
525 741
61 509
786 36
714 927
38 1
105 43
916 991
162 30
105 250
918 976
162 36
784 3
682 997
34 108
798 3
668 3
105 824
43 758
167 50
36 98
992 926
218 474
38 509
169 5
445 695
744 14
92 23
266 950
35 685
484 569
10 50
72 624
37 72
102 254
918 276
775 227
43 102
67 30
945 505
76 527
32 227
914 30
15 37
847 3
502 945
73 108
879 979
718 36
781 150
814 108
105 509
489 23
622 941
505 976
15 418
507 699
672 450
61 910
585 109
518 987
952 698
30 61
284 505
745 14
271 101
35 979
924 43
50 799
218 78
545 509
169 996
678 251
471 250
227 685
522 106
750 450
250 850
810 38
35 452
51 23
106 250
95 107
28 69
476 269
151 788
995 505
544 624
510 10
47 30
507 525
62 725
469 854
225 3
36 715
45 798
982 105
109 888
910 456
501 824
35 38
15 86
23 954
18 710
858 995
95 788
589 810
108 666
109 53
34 971
726 30
107 73
616 516
268 54
895 568
461 681
10 450
925 32
251 866
518 51
507 73
94 35
106 566
81 694
107 447
924 95
505 36
501 245
699 545
271 910
35 615
751 152
37 821
952 527
50 53
999 36
47 977
616 3
91 105
675 785
956 89
34 218
109 61
452 504
676 169
36 58
887 81
275 101
56 85
716 915
51 691
889 944
35 795
38 247
877 52
276 541
588 588
35 36
722 36
710 43
261 450
568 545
718 37
36 10
36 1
525 524
676 945
62 416
162 30
887 668
502 89
269 785
210 50
43 569
978 848
32 997
78 501
18 810
687 414
527 985
45 3
505 614
50 93
69 54
276 589
509 32
93 866
568 891
777 58
36 786
258 50
548 724
451 847
141 610
972 994
256 35
27 856
769 43
241 34
30 854
789 441
782 45
34 3
58 547
448 876
625 516
148 43
36 97
858 58
510 524
95 58
876 36
509 502
30 43
506 410
544 3
815 74
758 678
50 879
505 681
887 894
479 848
23 13
504 474
788 752
222 181
48 67
722 894
53 23
995 850
76 992
50 10
34 462
38 695
415 36
689 109
14 252
30 484
95 854
524 850
672 71
525 30
182 972
509 995
92 468
691 36
34 518
724 50
162 845
68 815
484 728
34 669
879 972
428 22
505 73
21 850
471 41
899 541
850 678
87 779
722 68
886 505
52 1
788 769
510 567
724 51
914 522
28 43
987 509
845 36
897 877
504 32
450 544
18 269
186 685
5 30
625 682
22 785
285 84
756 507
3 584
104 106
36 509
210 30
910 454
258 469
476 999
899 35
36 36
507 505
51 548
51 999
36 486
241 508
37 946
505 245
145 51
505 37
458 685
947 99
999 858
885 36
10 36
227 677
168 61
102 141
30 588
895 989
886 105
842 458
10 991
484 510
676 145
244 410
63 772
895 505
36 21
109 36
30 43
456 679
241 53
154 34
105 542
50 63
35 981
93 681
53 527
51 101
874 542
581 768
898 101
894 452
897 991
50 694
23 958
75 785
13 795
584 36
502 13
269 678
915 825
50 93
910 954
109 991
68 210
618 796
161 941
56 45
428 48
508 71
73 627
584 799
479 628
668 210
48 286
850 676
109 35
997 485
10 250
50 51
36 189
786 34
38 25
479 187
141 545
782 510
504 504
456 254
109 479
485 688
788 105
3 768
542 782
478 102
43 52
268 426
141 841
676 844
950 999
54 50
79 777
679 23
979 526
754 16
442 895
38 527
425 444
688 950
85 450
77 625
761 782
5 625
854 256
3 85
216 52
751 846
36 501
974 505
546 666
999 450
822 546
477 922
51 86
32 509
53 34
107 795
101 547
510 45
3 250
994 56
43 51
13 479
99 104
502 542
16 946
568 77
3 662
101 85
52 468
82 504
30 977
18 478
501 889
51 687
454 754
53 991
93 15
168 691
898 877
675 34
32 541
792 25
51 726
32 73
78 78
93 92
30 189
982 676
508 948
261 38
158 105
894 3
254 38
36 799
3 547
889 93
745 38
771 451
30 685
241 584
254 454
996 506
821 189
35 25
526 10
106 485
485 410
36 75
32 269
750 487
585 509
36 23
36 25
154 878
509 214
998 14
568 109
899 750
36 50
36 854
51 36
504 93
3 710
504 38
35 514
53 51
915 73
897 32
681 287
36 756
506 288
507 109
67 661
589 43
30 545
694 43
54 795
878 185
142 53
244 785
816 788
23 958
509 107
695 185
544 150
618 18
899 30
86 527
13 251
545 697
82 269
5 32
469 951
43 18
545 93
699 53
53 3
525 792
992 750
23 32
898 527
508 56
53 822
91 69
784 86
268 250
662 508
998 36
71 13
169 869
152 475
910 37
995 924
107 34
828 569
695 3
761 35
568 921
698 478
815 899
32 18
91 30
509 541
50 36
508 34
545 69
3 509
915 266
95 71
78 544
108 545
36 689
798 74
477 528
856 781
716 150
588 995
505 456
3 289
91 504
625 85
105 987
976 826
848 150
106 695
54 681
3 875
18 35
505 699
469 545
3 686
878 289
271 50
826 37
22 93
101 104
614 548
971 48
36 53
250 456
210 845
542 782
506 950
510 775
35 458
889 218
277 958
42 271
34 789
75 101
36 510
36 697
866 108
3 798
976 53
848 43
479 272
548 250
288 95
18 37
3 84
476 74
454 85
504 34
3 895
588 761
109 688
547 10
105 289
50 626
30 586
109 36
569 789
34 258
505 54
975 925
882 548
487 23
882 61
810 782
246 210
278 510
971 104
995 785
48 881
418 251
425 876
269 227
481 3
34 30
507 43
30 182
38 36
976 225
610 469
899 699
766 874
927 481
786 854
509 30
109 582
3 981
1 699
896 826
675 698
892 286
10 782
38 994
150 899
51 505
692 527
525 38
958 63
45 794
924 50
876 762
750 985
36 93
754 254
30 526
252 981
38 71
37 854
618 53
528 976
795 889
547 36
585 950
30 450
545 851
586 471
868 3
852 515
34 46
861 32
984 548
35 109
505 742
38 914
850 525
478 850
504 947
569 745
251 58
994 105
754 74
35 745
225 999
38 105
210 250
10 950
95 45
3 88
924 85
792 30
53 522
36 522
36 669
466 868
569 51
926 14
750 50
542 850
585 13
750 525
104 827
71 34
688 424
72 248
897 810
88 891
62 946
35 752
767 676
687 15
528 944
43 622
687 75
30 53
769 38
225 526
699 48
945 34
546 54
3 71
487 5
798 814
94 93
545 30
145 506
525 18
874 76
252 428
35 850
745 716
674 34
43 468
36 42
82 950
810 3
69 25
102 666
826 892
846 36
50 741
697 745
581 35
85 587
889 627
788 95
946 36
67 468
36 789
86 254
810 524
53 697
410 992
43 73
53 85
74 669
696 818
569 525
726 588
884 37
53 518
250 53
456 15
95 986
928 502
48 678
950 616
279 32
41 689
481 285
3 85
50 71
108 541
482 410
36 34
214 509
858 874
716 999
288 51
887 266
1 36
754 225
561 38
985 44
626 104
36 479
989 23
810 3
101 34
899 452
37 548
671 526
278 35
589 526
446 30
585 458
868 289
87 35
854 21
250 225
796 624
144 53
34 450
894 3
36 489
667 894
501 569
585 501
585 36
698 541
514 872
862 977
895 36
51 589
750 71
105 51
21 745
3 725
287 978
45 34
710 618
515 922
38 562
23 3
427 109
876 68
871 15
3 258
91 587
999 942
3 477
889 71
485 510
218 93
689 95
35 945
188 666
50 785
53 898
954 681
585 288
504 588
1 30
748 997
686 761
974 30
672 36
1 514
978 36
225 788
35 472
764 105
899 41
486 787
725 23
210 668
69 899
504 35
35 50
589 3
256 48
34 692
38 898
32 948
894 146
976 36
972 13
818 101
505 788
954 710
147 504
974 43
521 510
32 789
504 774
768 508
522 982
999 892
34 271
38 48
101 425
505 37
68 615
910 54
66 510
108 545
30 77
950 516
35 899
810 21
75 415
509 668
91 144
251 514
51 109
35 714
93 14
899 30
562 950
585 997
892 482
686 73
525 677
505 898
446 36
509 626
768 30
844 30
691 68
10 105
251 85
545 781
107 427
147 689
982 856
505 15
810 509
272 43
508 104
468 154
586 185
227 104
34 991
442 486
188 38
899 727
36 509
107 251
52 145
786 710
35 910
78 281
886 30
452 844
850 950
3 679
32 450
101 450
15 34
671 502
794 824
894 507
984 547
247 541
695 288
972 18
3 544
23 73
18 745
3 482
279 23
746 269
261 35
509 710
210 416
5 881
27 852
776 569
895 515
768 851
787 93
452 36
168 102
76 34
105 34
879 105
13 671
105 548
38 93
30 106
36 502
586 36
954 410
109 689
884 788
148 681
50 991
418 245
504 996
224 43
52 23
36 525
168 10
504 506
242 999
30 509
145 508
505 944
502 102
254 58
868 566
10 54
484 68
288 810
744 504
425 869
615 62
101 725
88 36
262 451
89 616
445 15
287 756
585 105
504 787
35 894
268 509
109 684
445 694
37 450
3 37
588 23
695 898
41 167
851 988
10 68
254 509
851 450
514 507
97 474
258 914
850 505
85 62
30 521
50 916
169 769
43 38
276 622
58 510
38 32
252 787
509 210
507 769
36 502
697 23
452 92
450 746
35 508
36 38
36 61
34 36
161 246
682 548
50 10
510 38
894 32
925 528
227 774
976 789
54 852
97 37
105 950
54 692
999 521
987 54
469 848
975 994
61 941
30 52
842 950
721 845
824 35
30 222
941 225
505 104
274 35
889 3
507 69
685 826
75 51
582 710
587 481
242 474
745 250
694 716
104 894
36 977
922 689
1 588
146 974
53 3
769 53
989 710
410 451
36 777
815 799
508 98
36 742
36 682
509 842
75 51
945 509
30 105
506 35
269 50
462 794
85 21
542 52
788 30
485 450
662 35
107 926
416 994
548 450
952 469
685 50
169 985
23 854
169 56
585 950
81 568
276 995
586 545
35 58
32 36
94 144
750 478
43 250
30 91
589 410
856 76
24 75
450 5
477 62
452 581
508 454
54 50
899 254
73 72
250 989
524 689
691 36
510 68
102 227
30 502
34 691
699 36
187 818
882 868
36 795
425 505
946 415
767 466
53 78
241 279
992 109
515 105
675 544
32 851
251 477
615 878
3 267
184 254
25 36
102 267
528 99
15 505
94 45
862 36
766 254
38 509
610 545
945 3
944 278
510 75
93 678
994 505
795 93
769 510
38 41
18 109
685 46
32 154
866 56
474 585
954 852
525 56
184 13
625 507
741 975
524 971
794 502
37 3
627 750
3 785
425 69
766 262
241 13
50 516
102 754
54 796
50 925
189 992
485 458
545 714
38 452
225 478
51 452
154 185
210 506
93 516
505 815
284 210
995 510
38 502
58 450
36 661
751 989
850 277
747 910
38 684
956 505
251 522
850 542
697 3
727 27
3 787
584 447
771 676
51 158
541 189
450 727
287 63
458 868
821 472
252 1
447 758
924 30
422 444
184 484
715 945
542 184
522 510
46 3
187 36
227 73
681 548
36 515
23 35
725 35
3 671
852 910
3 676
3 722
51 13
954 881
744 526
501 828
51 721
614 23
92 15
814 506
427 69
689 94
72 668
998 15
777 3
278 268
218 51
54 587
454 510
782 251
754 254
1 585
887 148
450 15
5 41
697 509
589 684
99 450
467 972
762 776
32 281
107 452
568 89
878 450
895 768
476 35
32 187
410 525
861 54
36 781
43 32
509 269
584 147
21 691
986 469
856 479
688 569
505 842
24 18
927 73
501 284
288 145
502 1
881 3
867 610
23 3
37 36
185 82
989 63
250 41
544 23
38 826
481 441
268 102
826 61
582 23
248 886
866 3
78 30
794 16
53 502
278 526
509 769
506 545
144 718
678 725
169 678
105 73
769 256
754 144
548 458
668 454
105 950
45 50
981 678
958 954
510 699
508 850
107 50
899 93
16 445
162 36
35 672
56 627
514 35
250 35
821 32
13 91
108 508
45 28
481 23
288 561
892 505
545 426
21 754
5 21
827 30
221 510
505 610
507 854
850 267
795 30
51 945
73 268
547 818
252 585
910 987
850 150
815 547
109 925
769 94
52 53
10 999
626 50
958 475
884 41
589 36
504 91
898 882
81 710
35 269
856 3
105 35
276 506
850 666
68 677
505 516
505 3
71 23
546 541
469 988
588 102
279 515
768 979
585 282
416 72
34 928
504 542
501 3
81 53
3 502
776 505
25 542
30 569
101 587
36 30
185 441
36 995
525 666
585 951
995 41
85 23
75 879
30 5
51 279
854 71
999 785
451 107
150 899
509 510
710 53
504 978
942 821
505 252
166 71
51 1
786 458
581 892
478 108
584 89
852 851
14 502
662 910
34 475
109 168
105 36
53 50
769 3
95 23
427 928
502 995
585 777
689 269
30 995
109 501
252 5
34 251
542 54
501 515
521 43
210 745
53 42
458 772
779 32
35 444
30 910
779 210
926 691
775 610
972 774
771 254
36 18
251 109
526 105
509 850
456 36
36 1
51 696
34 78
274 689
71 784
775 36
892 489
226 250
35 251
502 289
750 945
225 169
466 214
3 252
3 254
425 582
586 99
10 782
527 722
610 109
25 95
250 34
847 84
71 35
5 471
850 78
521 73
846 25
781 222
685 948
545 509
95 515
584 23
684 618
3 142
3 53
506 23
10 724
476 36
38 105
548 769
51 584
32 102
504 30
51 502
36 541
510 522
562 921
892 910
415 979
978 545
854 1
798 984
874 507
689 50
34 13
3 246
779 50
287 3
216 798
742 269
507 18
189 505
777 252
36 586
38 32
54 458
950 52
866 815
56 501
425 45
446 3
895 3
628 221
954 289
771 542
3 472
3 787
789 43
53 38
746 848
999 589
522 276
452 53
898 13
722 63
254 36
444 768
56 697
875 785
484 769
95 781
421 189
35 34
93 876
93 710
699 482
3 256
422 30
951 785
250 38
509 527
891 562
972 68
789 505
250 699
450 972
36 30
421 37
586 507
468 36
13 35
750 34
30 889
245 258
36 279
41 528
610 981
862 43
51 548
53 95
451 36
927 588
43 508
105 896
685 884
998 35
751 745
50 10
562 451
288 509
899 3
744 45
245 75
147 14
718 410
227 762
505 587
999 509
30 73
99 868
885 73
105 982
16 525
73 250
30 875
982 37
502 891
276 34
544 34
786 521
30 991
942 30
777 10
589 188
848 825
36 76
41 950
27 54
677 10
501 3
504 782
697 58
34 109
93 694
892 14
21 10
851 21
428 509
250 985
5 43
61 182
885 841
34 924
91 22
462 109
510 5
241 846
36 278
92 487
34 268
789 587
106 672
266 36
485 910
452 108
91 518
102 995
545 548
78 10
97 10
38 789
43 73
476 38
50 921
669 510
922 3
515 35
152 18
508 954
450 36
10 476
242 68
824 414
43 687
769 23
14 26
995 814
56 858
250 477
93 510
276 101
451 767
36 924
286 772
506 879
85 250
507 477
674 825
989 918
767 75
922 52
672 992
36 72
442 764
98 502
3 46
77 896
187 81
75 36
789 35
53 687
53 93
699 997
915 15
879 989
510 3
32 244
910 46
36 502
850 769
997 85
505 505
510 541
242 36
844 452
221 681
814 23
451 505
167 73
1 227
51 895
689 52
998 588
869 276
782 189
991 30
35 569
867 469
468 3
76 10
541 510
261 945
695 856
588 785
999 54
781 1
52 791
525 167
989 52
106 610
745 66
889 450
43 30
142 816
866 545
32 241
776 762
244 489
150 53
56 946
509 32
30 548
548 505
450 421
501 52
105 501
509 45
628 50
145 884
68 87
15 710
486 956
36 776
858 26
36 254
541 428
627 942
878 854
685 827
50 827
410 950
686 525
505 41
689 625
81 489
38 148
928 53
278 101
444 742
93 781
944 950
621 48
72 787
30 10
3 30
692 956
504 899
518 674
668 54
950 850
502 610
41 508
107 95
58 105
289 584
284 676
284 85
30 145
446 50
485 686
10 36
418 71
58 36
442 276
696 246
769 509
50 474
978 276
269 11
35 447
108 951
50 30
984 35
105 454
621 728
3 568
892 51
34 38
998 81
35 38
502 674
25 910
624 3
524 545
468 106
13 998
810 916
168 36
36 248
50 30
36 450
874 10
897 509
43 687
751 15
508 58
950 509
425 852
30 15
36 38
695 875
36 854
781 288
51 241
976 754
81 910
3 528
50 681
268 915
814 58
952 35
50 26
82 16
13 510
32 627
35 509
10 66
99 509
14 545
14 3
98 30
268 788
461 89
585 67
107 516
30 50
36 67
14 34
510 35
501 287
518 79
45 528
787 154
581 445
38 458
158 36
248 509
508 699
421 185
526 779
26 52
850 545
850 699
585 676
952 30
918 54
44 874
504 588
210 185
44 214
910 501
610 28
899 35
30 501
951 582
81 486
250 987
509 73
527 995
754 628
71 786
50 34
35 18
30 679
524 241
15 53
95 692
36 43
910 848
38 618
425 699
518 614
53 93
5 586
105 169
184 588
677 34
695 581
884 508
525 845
58 710
501 522
568 885
685 34
11 41
478 30
585 928
108 34
89 978
826 781
15 666
999 458
93 109
669 995
876 45
686 587
5 36
24 248
545 898
45 845
161 58
746 477
85 451
3 850
22 699
501 542
34 36
501 662
922 786
725 505
997 547
895 284
569 84
456 956
81 769
228 785
947 71
992 671
73 61
545 250
3 278
850 414
450 158
998 482
948 509
51 3
421 844
3 81
50 34
518 587
610 475
289 248
696 254
51 63
810 154
910 851
469 51
514 799
685 241
507 691
450 86
986 454
421 794
53 786
678 30
475 975
32 50
105 109
569 68
3 509
184 45
515 105
261 691
509 852
786 109
30 87
93 522
210 984
3 695
984 768
36 584
50 548
34 13
289 146
952 3
30 36
38 30
250 53
768 610
3 77
694 506
34 886
150 34
927 508
789 505
454 3
521 677
250 247
221 51
776 928
584 161
23 898
848 102
67 469
516 769
32 34
34 78
50 678
454 10
250 741
10 502
38 452
416 85
95 51
91 721
895 30
898 854
508 169
261 467
71 508
916 762
582 508
168 461
825 892
43 750
50 507
789 505
744 450
36 768
142 36
952 169
43 3
798 727
41 81
675 797
510 151
61 38
452 716
54 252
948 688
69 27
166 144
501 674
468 816
867 410
23 504
668 184
784 994
1 881
3 521
104 144
251 866
501 764
785 950
43 548
999 714
676 247
547 899
507 269
104 104
882 797
36 898
141 508
505 181
725 582
37 35
910 505
996 36
225 450
66 426
13 45
102 952
247 509
548 501
50 282
15 289
25 51
30 921
504 582
34 458
150 514
51 501
725 289
30 781
876 796
93 858
684 582
762 504
224 1
504 771
951 478
508 37
692 16
505 547
189 3
99 927
91 32
51 484
508 277
85 515
610 884
51 36
147 945
788 76
256 102
45 502
36 51
75 896
784 507
472 585
52 975
43 250
715 36
89 254
93 427
795 999
63 107
891 616
36 88
504 727
410 43
46 767
875 25
915 35
154 38
842 250
501 107
994 852
696 510
545 505
894 505
489 34
43 507
999 886
951 699
93 68
36 61
502 32
699 101
279 747
899 926
871 999
3 507
154 30
522 38
976 951
956 67
15 886
622 51
32 267
146 182
36 542
502 896
776 978
38 795
625 13
585 748
54 105
899 3
874 38
150 797
414 789
862 222
799 854
251 850
854 979
84 30
476 505
50 925
710 505
85 85
752 687
36 764
51 981
11 285
30 778
79 514
851 716
509 158
505 506
727 502
25 952
36 546
945 251
752 542
3 252
816 976
884 30
277 109
918 278
844 891
166 999
587 956
101 35
3 1
95 226
768 841
505 845
35 51
30 3
30 972
410 942
868 99
508 36
478 250
689 974
505 13
36 476
745 950
667 521
776 622
848 415
501 567
785 504
34 30
854 587
694 421
882 547
610 36
53 745
53 44
101 151
3 725
36 506
502 58
848 895
104 91
36 585
36 699
469 23
614 699
97 876
502 894
445 869
489 36
916 36
14 241
277 545
501 85
15 275
254 546
545 30
222 210
841 247
624 425
525 668
51 36
422 789
789 448
854 75
822 545
50 584
30 95
995 35
468 998
54 272
26 416
999 871
510 699
950 269
87 54
750 681
610 85
450 32
182 35
999 36
589 251
510 23
716 289
776 3
507 422
758 479
289 852
882 509
102 52
810 30
971 61
669 225
28 91
169 3
38 697
3 105
894 256
35 994
51 476
36 441
875 34
187 426
75 35
30 225
884 682
789 36
825 99
521 34
478 610
53 675
410 98
3 698
43 791
10 972
689 23
182 450
542 15
42 3
61 102
454 954
826 725
181 478
948 254
188 868
50 505
276 62
38 215
661 73
410 750
625 545
910 108
15 508
515 726
35 250
36 30
921 547
66 786
582 30
791 86
81 710
510 105
76 58
569 525
447 182
16 226
36 91
32 668
104 167
581 921
548 421
689 625
421 797
699 995
250 21
789 441
63 107
36 994
505 509
447 76
828 441
758 41
508 508
51 85
289 587
85 10
779 36
13 581
527 997
3 30
58 505
545 32
821 515
682 542
54 276
810 742
35 36
869 38
73 514
54 508
109 258
524 285
994 35
976 30
71 507
11 585
37 75
514 750
32 850
95 35
53 741
952 501
109 73
107 487
30 769
32 976
109 510
51 286
824 54
93 35
505 810
187 14
428 998
45 185
996 245
952 516
850 450
502 36
5 266
52 38
101 942
991 109
994 23
95 674
899 89
799 850
269 428
954 625
589 34
3 687
415 166
107 38
30 546
3 428
688 542
510 546
508 618
505 286
454 510
150 3
989 36
30 427
38 3
152 38
792 58
714 850
916 691
68 3
147 697
678 101
53 769
621 36
508 16
507 681
105 874
181 724
547 508
889 768
3 799
874 93
189 510
509 61
994 508
35 824
445 610
3 862
182 502
995 281
989 661
38 250
30 945
92 867
68 50
784 454
104 768
769 36
267 102
287 93
285 788
251 898
37 845
50 14
15 93
51 669
86 628
50 505
13 78
109 524
52 978
3 795
501 3
852 981
668 878
36 53
10 63
505 424
30 950
684 36
750 266
769 181
672 467
45 289
505 866
251 43
674 954
587 682
43 258
43 442
3 684
501 50
784 515
22 525
162 108
875 26
897 777
727 586
36 241
508 35
94 161
878 23
474 861
261 72
850 916
474 442
3 224
510 444
989 44
242 444
278 787
954 895
36 761
25 36
285 78
109 501
688 47
98 53
32 52
30 794
996 566
852 748
782 256
542 101
676 726
141 671
54 942
13 104
35 245
93 25
501 32
487 585
975 99
561 88
3 169
56 248
50 27
252 677
742 505
910 466
3 887
778 50
107 787
998 687
694 504
22 3
251 854
85 525
37 678
507 268
762 3
30 36
53 35
41 14
271 27
73 942
509 991
274 16
410 16
697 505
34 799
885 514
895 104
995 542
30 189
988 215
43 250
789 63
689 36
508 75
53 486
545 799
23 30
542 788
971 248
854 691
10 36
505 725
892 610
34 789
581 186
766 472
824 504
688 976
10 32
25 266
210 878
675 23
189 510
247 861
93 544
621 510
509 515
278 73
84 688
767 684
289 76
78 97
36 250
510 15
768 710
38 954
158 586
43 978
105 10
799 985
52 469
782 67
52 468
43 694
188 587
3 787
527 869
687 795
53 56
5 3
38 501
73 545
61 63
582 242
795 414
850 43
50 878
789 747
30 506
822 104
36 504
81 154
954 788
794 166
776 61
18 714
587 450
68 268
585 525
289 102
93 948
682 518
69 995
477 261
458 425
714 36
728 688
95 53
447 104
762 30
3 251
687 93
868 582
610 881
254 548
896 515
428 13
685 894
987 461
445 210
589 516
488 509
542 768
168 23
882 610
502 697
910 850
47 71
509 505
37 266
509 36
682 515
258 13
899 826
798 545
785 461
241 74
210 786
225 501
101 451
30 887
584 75
16 502
34 54
750 587
50 695
51 285
525 73
421 505
954 69
589 726
979 210
225 994
169 868
610 3
589 58
505 741
844 710
561 889
505 247
34 897
50 545
522 854
37 486
245 101
3 468
950 526
616 479
109 626
505 79
691 950
672 245
53 987
525 268
675 484
524 109
828 53
47 36
35 850
886 501
884 505
268 16
505 34
35 38
621 34
169 694
788 695
36 545
995 506
44 35
950 214
718 241
510 505
141 410
696 526
681 667
950 445
505 506
447 63
35 101
30 91
222 952
43 62
516 502
506 102
998 30
452 810
504 3
109 104
507 944
569 685
37 150
507 450
509 50
107 26
16 101
36 768
789 846
424 951
104 34
941 21
507 868
251 10
34 999
72 728
922 1
999 506
52 505
58 501
818 986
81 787
101 169
547 56
266 185
525 509
16 269
781 750
508 769
481 814
53 158
161 63
505 210
851 515
53 475
958 686
53 105
30 3
13 36
610 145
752 3
718 150
81 422
898 102
74 18
521 225
818 448
509 43
53 827
258 109
93 546
510 899
469 1
421 479
676 669
488 851
954 762
508 854
581 789
37 876
58 53
995 504
14 722
99 756
51 750
754 36
610 99
750 699
3 141
3 689
50 946
47 104
109 504
506 614
672 101
182 25
509 254
997 154
36 69
71 81
32 992
501 792
43 69
898 789
471 824
545 850
787 285
505 541
38 36
16 510
150 221
451 32
910 98
508 105
810 34
994 667
681 850
254 544
456 750
507 3
221 15
161 544
585 43
797 769
210 851
541 277
30 30
450 699
73 769
681 684
501 927
32 582
844 69
43 91
38 68
13 978
109 72
81 825
742 682
95 250
78 36
169 992
3 879
950 54
586 769
23 41
15 710
38 154
450 669
854 952
258 821
688 515
37 507
689 768
34 469
688 976
822 107
68 32
509 524
728 585
18 545
23 510
93 105
525 484
676 23
624 107
977 61
34 58
3 410
678 105
950 762
95 992
23 47
958 825
36 925
186 27
699 142
744 751
546 410
30 36
410 622
505 10
678 50
764 52
101 881
284 799
768 509
244 51
30 245
669 468
766 861
502 85
468 15
410 258
958 35
509 109
728 610
36 841
88 669
689 545
50 415
678 521
35 746
544 748
791 146
842 861
415 145
37 43
34 691
10 56
505 53
952 589
50 952
662 35
101 874
886 927
544 828
910 542
445 23
451 424
506 614
3 21
35 462
691 501
505 73
35 981
73 188
68 15
584 518
899 91
30 43
43 510
50 1
675 36
754 507
3 3
582 36
775 509
786 242
109 691
3 677
245 678
34 689
669 502
527 810
30 241
995 3
43 727
289 51
699 148
282 36
52 508
3 105
715 678
995 99
10 509
108 109
507 746
447 185
1 899
54 410
506 56
509 504
38 544
669 85
508 505
35 685
785 1
974 36
281 23
628 541
86 994
542 776
542 851
38 486
875 686
1 791
221 610
35 37
799 694
38 951
488 13
27 845
745 684
91 21
691 58
30 501
14 476
445 13
528 746
30 972
14 468
35 505
525 189
461 51
661 71
185 226
38 999
685 509
23 56
101 447
21 35
15 867
667 23
984 47
507 414
625 788
25 507
43 995
976 468
444 915
15 675
589 507
93 547
43 34
545 73
38 3
846 501
25 34
745 38
82 478
451 108
26 762
787 518
504 509
94 73
287 84
58 89
569 244
45 510
758 50
545 281
991 3
776 289
786 675
34 36
36 510
952 621
30 688
36 785
694 724
91 689
254 778
952 276
627 13
910 95
252 250
258 50
50 610
794 781
452 269
266 815
278 795
3 109
899 507
3 489
448 69
68 488
508 262
15 766
53 25
35 250
32 37
847 14
71 250
789 102
81 992
51 84
501 446
109 781
71 950
43 248
456 681
182 50
37 762
10 945
21 769
542 34
507 510
505 626
10 509
786 510
107 856
109 508
269 891
108 561
166 45
897 544
93 81
269 762
858 34
514 585
91 695
756 525
728 51
214 23
89 63
105 10
210 54
250 36
58 567
518 32
872 510
582 689
958 510
30 989
585 69
722 795
769 48
754 509
38 3
104 979
871 501
106 616
710 669
210 999
227 410
681 545
758 267
869 35
628 424
30 274
261 950
785 850
144 51
3 254
254 669
35 36
3 109
995 785
696 791
105 688
279 681
87 410
42 625
30 109
32 921
38 510
50 89
501 109
73 868
3 785
169 42
898 454
428 258
695 994
610 897
267 91
458 527
276 502
750 485
210 36
810 895
788 978
451 541
226 522
522 269
981 548
188 762
38 15
887 786
710 152
53 450
105 584
667 184
507 769
509 95
505 36
52 13
781 928
1 507
710 810
285 509
856 10
892 795
36 50
481 661
486 502
36 30
548 450
889 461
544 93
687 54
36 187
508 868
995 502
974 53
768 93
107 251
627 789
36 897
43 145
515 37
892 878
50 38
56 38
11 1
26 428
36 99
472 167
501 36
525 792
544 18
507 798
479 950
258 824
36 501
899 515
36 79
899 226
509 85
108 699
14 210
73 869
796 985
568 767
50 51
987 3
910 109
995 108
75 581
23 754
75 36
826 38
695 15
13 798
85 105
622 34
521 541
589 36
36 54
245 851
51 484
98 37
699 228
30 414
18 13
36 850
21 3
785 87
109 546
285 35
851 516
915 505
527 509
587 547
89 691
787 105
225 73
36 11
93 30
30 101
35 23
687 51
36 785
518 950
272 38
46 81
36 462
994 764
984 667
814 678
505 53
622 45
750 505
421 50
952 95
697 922
43 976
505 61
38 721
76 696
43 450
586 502
25 842
774 35
248 951
516 35
686 36
68 561
695 484
947 971
3 30
76 427
73 109
1 215
85 10
72 35
925 451
946 589
762 725
52 37
107 764
689 996
13 25
795 898
685 926
979 999
95 38
101 186
36 62
761 954
421 109
610 167
502 15
748 106
585 504
958 182
23 95
546 684
994 107
36 745
36 766
36 32
34 502
447 462
161 684
104 950
414 61
785 774
15 484
878 662
522 921
518 98
508 36
50 699
24 810
32 52
610 73
15 897
145 35
71 10
789 109
43 545
74 998
944 105
699 454
518 507
51 250
36 101
32 10
544 225
748 505
168 544
476 23
36 626
454 666
34 509
101 788
38 695
521 53
888 266
106 509
185 546
25 187
987 95
944 689
586 244
99 952
899 976
105 692
589 544
548 10
856 510
61 954
23 869
977 889
952 13
147 35
13 910
26 167
36 53
450 50
10 26
254 48
445 878
30 151
15 791
950 167
101 30
53 862
34 18
505 1
489 728
541 750
478 921
750 544
168 35
251 479
32 507
676 542
456 998
509 105
50 989
30 821
586 30
81 254
251 762
502 50
999 36
73 105
858 788
71 889
505 30
894 247
10 444
850 426
30 241
25 85
73 509
502 504
928 53
169 3
910 15
888 81
426 53
509 25
38 458
52 679
587 950
38 3
991 85
42 34
518 15
874 501
895 758
695 725
452 894
786 677
785 810
514 501
710 794
287 485
36 858
3 504
671 410
481 10
788 915
668 505
54 994
36 750
795 892
610 761
858 567
23 99
154 21
146 61
38 168
699 675
509 11
748 699
258 685
74 56
850 145
452 469
34 999
668 525
102 36
258 73
677 989
109 36
462 458
3 910
504 269
841 748
689 992
822 181
3 144
10 51
36 141
247 501
22 524
43 74
43 505
509 748
872 95
35 991
815 50
986 695
824 774
278 852
73 509
894 105
54 88
691 441
54 71
3 681
541 816
21 686
899 450
994 545
23 36
89 3
454 50
276 689
879 692
22 689
858 73
79 615
224 254
35 58
774 91
3 682
826 91
850 999
827 106
510 687
868 221
450 15
768 282
25 36
895 50
546 689
814 885
505 767
146 668
276 699
107 3
687 675
36 681
35 35
752 151
15 689
52 745
854 79
13 950
546 71
582 3
786 462
526 227
950 510
276 13
3 102
185 621
845 685
950 685
109 618
505 416
582 752
815 254
79 36
85 414
822 854
685 505
1 509
13 98
3 3
992 254
43 3
108 215
54 89
767 810
899 588
15 3
585 862
918 505
187 589
75 30
50 102
50 63
36 710
35 541
36 885
626 88
541 899
37 13
467 582
518 35
30 3
51 3
448 11
814 772
695 474
106 16
992 289
101 954
102 93
37 36
258 858
245 162
36 141
32 587
450 98
38 13
854 10
985 41
53 101
13 847
875 910
945 895
994 89
251 976
108 995
810 73
625 688
542 695
25 51
184 795
475 30
36 147
410 585
30 34
107 169
487 166
10 30
38 522
162 105
976 995
841 228
68 624
13 76
898 545
32 3
252 509
54 501
541 995
142 688
768 36
584 685
414 889
910 521
458 32
109 677
451 89
36 10
756 182
681 30
452 848
894 30
850 104
158 787
774 610
822 505
10 46
998 946
76 767
509 99
452 799
45 146
971 756
897 516
858 246
788 589
821 43
30 525
675 47
848 682
854 3
469 589
244 476
35 697
999 767
245 154
18 454
3 505
979 509
36 522
997 36
526 3
915 799
89 185
30 588
509 687
54 546
75 618
3 102
762 872
102 848
23 15
756 166
892 689
869 699
699 781
471 509
796 102
28 787
162 35
450 796
979 826
876 462
254 34
50 150
36 821
797 898
93 772
36 23
278 852
505 478
30 688
895 82
69 916
787 810
676 897
462 986
976 36
798 34
872 51
862 546
256 661
54 501
950 53
952 254
506 14
81 926
276 43
950 528
425 925
32 798
505 698
745 526
869 745
626 26
107 86
30 38
588 545
510 454
781 109
23 750
50 505
277 481
101 926
681 954
515 982
99 696
105 50
73 501
168 479
38 102
181 3
487 414
34 35
271 752
187 469
856 956
93 547
682 18
728 505
848 34
34 151
18 501
504 186
446 526
30 850
505 214
150 282
509 32
668 95
41 685
618 874
767 541
545 885
795 758
50 73
681 581
77 36
887 287
727 410
452 914
58 81
888 510
73 547
991 274
950 544
50 150
45 996
105 77
769 510
107 288
43 510
34 3
53 748
978 767
754 541
34 258
181 989
269 610
36 505
474 927
38 18
53 689
775 509
62 766
910 247
505 562
789 454
410 85
478 185
541 781
669 414
691 450
526 101
750 954
910 451
210 51
781 982
545 89
450 976
562 676
768 528
852 14
93 3
767 32
825 697
262 225
489 53
699 810
250 502
726 13
109 34
999 3
694 254
38 35
456 527
744 421
450 974
210 548
725 589
502 471
93 38
509 981
469 998
525 37
97 927
51 950
16 3
509 685
261 562
10 63
73 898
462 85
188 105
789 698
27 484
721 548
585 689
56 37
32 510
509 676
869 285
582 779
289 81
545 425
245 91
762 34
214 509
102 994
826 69
73 34
54 781
93 36
30 896
1 37
14 107
58 485
742 777
252 13
866 3
888 254
14 185
515 36
818 36
30 38
924 95
222 185
541 109
502 35
789 168
686 162
946 15
878 822
892 685
524 75
721 446
250 35
895 141
15 36
475 841
145 975
518 699
11 186
93 501
251 75
850 501
910 525
452 788
699 224
895 585
505 505
625 489
250 910
502 73
422 927
162 454
474 35
945 454
678 161
545 241
824 514
527 81
36 43
718 74
528 548
188 278
78 896
3 3
895 63
210 879
447 450
95 105
505 53
3 154
23 34
36 794
879 445
541 585
589 546
952 278
74 254
871 108
999 162
926 584
898 441
162 894
952 754
777 715
184 514
35 447
816 61
1 166
10 502
224 285
624 506
995 34
34 992
93 858
699 277
53 75
544 105
884 30
93 34
35 481
750 505
995 728
751 250
101 104
187 89
627 36
488 581
876 285
30 254
105 568
867 51
695 286
674 662
879 30
87 899
187 685
795 38
947 142
95 32
887 847
148 50
682 26
150 225
169 54
691 724
168 425
474 3
510 782
981 950
689 56
158 922
54 262
504 526
851 754
13 698
275 850
694 99
36 241
448 610
54 954
50 289
795 545
715 505
995 262
509 508
448 251
189 489
250 56
34 68
142 721
850 710
624 37
776 510
36 15
35 999
999 784
38 58
38 946
45 889
186 25
73 885
977 684
105 795
86 268
548 616
42 24
548 862
945 999
941 767
698 510
38 509
451 95
35 251
505 32
278 73
82 504
36 505
589 910
161 210
810 722
710 5
210 187
852 109
515 104
23 851
254 52
186 222
587 30
662 410
509 225
948 53
898 109
910 43
250 876
507 43
71 685
946 667
105 450
489 89
36 108
587 75
251 971
699 258
889 524
85 542
510 795
35 51
824 544
585 3
777 32
469 36
3 854
684 75
30 36
162 61
910 221
452 509
254 628
510 216
216 844
252 585
768 41
469 676
992 187
5 799
698 36
478 482
992 751
45 146
252 868
695 546
45 35
450 768
505 10
41 769
697 3
266 761
168 879
101 287
625 150
685 54
699 508
507 258
1 53
782 891
38 715
510 925
56 1
515 588
978 30
35 37
767 279
186 710
978 66
589 524
30 447
942 53
268 728
3 3
56 742
46 105
996 210
210 42
109 36
252 38
51 73
810 685
50 416
792 44
35 53
274 244
786 15
954 227
254 104
34 3
771 32
458 505
109 52
999 21
542 625
581 10
479 685
415 785
541 254
544 925
728 899
789 542
925 895
615 897
35 3
698 41
625 785
43 458
675 30
242 514
742 476
287 109
986 585
97 5
34 13
3 182
844 501
106 107
22 38
515 214
999 725
501 16
510 166
741 625
18 684
505 450
32 954
506 545
35 545
56 76
896 542
53 861
36 872
71 222
53 541
95 150
509 151
509 189
692 922
850 544
954 54
548 284
501 615
610 105
102 15
899 34
772 586
744 588
910 750
888 84
871 752
150 950
415 279
102 502
505 35
768 525
614 762
182 505
824 68
509 504
897 36
710 781
35 945
897 250
415 478
36 581
268 51
45 942
35 289
997 34
444 3
884 53
958 545
477 145
15 23
622 999
227 45
23 93
581 81
885 43
881 727
758 546
37 54
10 885
484 527
30 23
506 254
689 3
944 34
34 547
188 507
269 24
505 486
950 181
974 868
58 524
41 767
281 872
85 569
53 454
721 852
189 47
944 1
521 825
616 53
954 187
887 53
509 41
189 35
679 34
584 35
972 162
950 484
874 210
94 527
695 810
68 764
856 245
105 210
699 267
685 766
43 725
268 787
675 476
45 952
91 105
695 416
47 262
105 454
676 188
53 510
510 225
788 505
254 35
897 679
852 225
44 666
1 28
501 54
815 488
3 51
106 3
474 224
941 614
516 910
547 3
14 776
108 991
98 796
38 710
36 754
97 542
1 71
869 509
988 899
102 93
999 878
34 154
450 910
692 851
210 30
34 425
274 38
976 104
258 43
254 22
744 951
35 852
1 710
718 63
36 675
669 88
53 525
485 998
582 23
854 886
286 146
282 622
36 584
682 35
30 569
767 89
36 669
621 897
785 998
781 285
458 998
36 486
424 506
43 779
677 898
23 53
627 34
626 945
3 748
427 506
3 32
69 526
758 669
846 681
791 589
616 508
677 93
36 450
882 3
750 541
510 10
3 250
167 869
10 916
89 508
752 109
774 895
25 105
91 501
52 769
756 43
589 36
950 504
625 86
266 882
95 87
727 505
101 415
747 11
36 107
710 822
73 744
73 43
507 584
516 250
276 43
53 78
469 51
507 30
894 910
769 47
248 510
889 109
689 66
856 68
50 28
899 225
528 106
787 878
525 518
998 87
35 751
828 450
869 508
677 872
35 869
625 54
541 34
279 678
99 914
510 477
694 458
992 582
501 774
816 30
971 68
710 694
3 785
502 456
75 545
466 561
188 522
681 582
81 36
787 414
718 36
501 852
481 148
876 762
521 944
35 73
698 450
35 750
98 105
145 944
501 998
545 844
36 38
93 867
825 775
36 888
162 56
528 62
36 250
82 815
32 45
36 32
516 686
847 36
36 71
501 30
910 952
928 682
668 251
774 3
81 44
285 545
999 824
34 489
525 35
286 43
852 685
256 769
518 73
109 886
222 36
714 105
548 866
424 746
625 527
525 35
53 950
36 38
34 521
996 825
501 5
979 109
769 91
67 507
850 874
505 91
509 728
884 452
622 586
501 109
725 850
36 886
269 248
810 689
108 13
30 501
104 548
109 37
13 674
694 3
71 24
30 785
586 285
915 625
525 991
945 695
30 941
91 3
73 541
510 451
5 674
45 109
107 54
768 588
686 502
569 767
786 43
32 36
56 885
527 810
510 154
141 785
277 925
541 726
181 16
471 247
847 685
15 109
684 184
515 927
856 526
715 505
52 741
522 471
509 475
784 768
43 210
10 224
222 89
215 189
510 189
75 506
13 924
50 504
30 447
167 589
610 678
109 525
13 689
742 50
36 51
775 815
34 697
681 147
3 13
410 788
281 218
508 73
956 3
668 876
224 525
458 13
58 689
942 878
689 992
169 501
950 73
63 36
227 914
32 685
108 525
250 897
688 676
668 687
36 927
21 78
268 845
251 862
508 66
916 11
504 93
188 279
30 895
452 587
516 950
5 169
30 510
75 52
725 687
878 95
958 509
954 258
521 276
504 91
38 669
628 210
38 58
999 547
50 3
754 984
785 154
950 188
446 584
541 36
45 547
626 52
874 521
985 544
106 994
477 785
87 425
286 875
721 469
952 98
691 109
489 722
895 982
77 974
109 76
10 678
91 509
867 988
58 764
61 54
510 104
158 109
275 568
472 678
56 38
888 542
867 524
845 450
36 887
858 278
978 162
502 985
450 52
85 43
282 58
268 750
502 53
842 442
35 507
996 472
30 687
509 568
36 16
501 588
152 166
674 541
758 994
996 506
30 767
482 505
224 247
242 778
788 250
797 102
899 34
18 3
452 796
477 446
586 466
589 782
63 798
35 38
36 506
451 821
442 754
5 750
751 675
778 79
546 526
63 81
426 466
93 150
30 61
14 458
501 866
451 691
69 787
482 34
69 450
999 610
950 54
508 107
91 425
150 108
154 52
275 585
584 88
626 478
452 691
585 614
53 947
448 667
3 23
542 881
187 36
950 422
43 750
514 882
61 458
43 899
954 515
38 697
11 750
227 36
22 54
218 48
104 505
982 889
3 771
251 894
77 250
51 285
10 509
43 23
958 30
504 185
924 38
75 878
501 747
910 782
691 725
452 525
541 152
976 475
585 258
36 73
785 505
95 451
91 510
868 999
53 508
998 53
93 52
75 885
30 694
489 950
210 3
289 98
36 895
81 469
681 30
466 13
915 53
50 584
150 30
548 34
944 43
526 506
921 726
73 51
778 524
3 997
547 252
104 250
34 525
585 510
984 10
858 548
54 610
727 21
25 272
847 150
441 525
524 444
750 189
507 542
15 410
506 546
982 444
509 79
895 788
850 81
54 726
185 32
32 56
975 544
88 45
514 695
787 842
682 469
38 30
586 214
714 508
36 756
778 30
428 751
51 53
76 454
971 546
681 958
710 510
15 678
698 34
52 509
3 462
941 756
50 73
684 505
789 30
994 54
286 34
561 427
610 958
589 915
768 782
10 769
952 10
484 45
676 450
13 38
46 514
508 281
53 107
821 43
38 546
667 784
585 36
106 854
950 32
894 54
858 23
695 36
425 222
421 38
681 991
522 73
478 10
61 279
458 871
484 588
510 762
216 104
468 999
521 877
37 507
476 262
788 479
89 547
818 85
789 426
785 879
36 899
842 788
671 941
36 684
181 36
854 884
791 501
3 515
875 758
35 181
3 34
695 618
507 36
581 542
851 3
23 762
941 999
509 10
36 950
889 975
38 251
921 454
750 999
58 222
562 858
36 107
450 18
509 699
71 188
282 585
34 510
246 548
108 38
585 668
250 108
668 861
926 36
250 99
109 36
71 451
142 10
45 628
15 214
771 16
50 105
269 74
285 542
36 997
54 3
14 63
108 489
91 286
524 269
989 3
161 37
945 3
38 727
515 671
828 669
109 3
250 53
506 882
68 58
441 684
274 676
30 268
248 62
447 284
547 505
984 951
52 468
474 692
972 510
3 688
524 544
30 63
43 30
581 628
43 675
899 74
445 545
684 422
954 850
489 672
509 188
715 109
210 545
616 45
751 109
37 761
73 44
37 669
104 502
30 262
507 66
36 109
258 41
786 528
36 995
525 63
427 53
23 38
36 510
26 504
458 75
510 489
674 3
450 525
424 666
95 415
244 77
910 850
610 610
188 851
95 509
15 889
51 107
36 892
252 841
610 526
38 685
984 267
444 248
38 524
101 567
276 36
105 36
868 71
544 36
75 66
610 847
504 251
695 43
35 30
152 846
166 501
109 950
278 3
956 716
996 827
52 761
451 54
795 50
450 692
251 36
38 21
624 36
726 35
514 750
410 36
272 10
451 242
1 997
210 189
30 416
3 251
10 169
16 34
946 30
747 73
502 36
478 925
85 852
107 999
36 3
948 916
62 669
989 23
689 469
82 32
462 30
71 446
189 509
38 36
13 548
710 73
699 109
150 98
785 510
41 522
3 30
682 978
36 104
34 284
867 251
685 185
876 544
109 625
32 47
30 75
275 73
626 541
106 85
251 950
152 450
950 671
508 53
998 525
10 109
844 45
502 102
856 458
36 545
898 997
1 745
509 85
897 588
37 150
958 61
626 699
724 509
858 425
258 93
505 997
250 73
410 941
716 851
785 505
58 67
509 67
541 77
51 502
105 256
50 478
104 3
502 63
10 504
894 515
10 854
796 507
282 847
502 542
956 36
50 282
3 52
699 469
5 666
954 26
30 514
53 53
22 108
189 897
850 279
886 510
26 689
878 714
661 106
71 469
682 415
10 584
789 685
150 30
3 3
43 741
186 582
34 545
828 36
710 187
81 86
36 188
98 3
43 547
547 187
286 38
251 485
162 36
985 425
35 889
799 16
254 34
698 897
30 32
545 888
25 30
254 761
3 948
525 32
105 772
510 3
250 691
925 507
11 478
67 53
856 52
899 615
145 925
694 50
854 999
35 895
526 567
897 787
698 748
545 74
825 250
585 715
998 874
669 858
510 108
71 889
685 150
956 667
625 989
710 99
515 36
899 662
10 851
505 269
787 38
81 776
479 37
568 944
727 3
582 51
691 825
789 509
50 50
10 58
994 746
505 584
897 54
610 825
106 509
276 610
37 450
36 52
18 95
546 58
976 250
51 488
891 997
761 786
858 62
991 10
94 105
506 585
850 444
444 108
621 101
789 35
71 795
616 18
689 105
982 879
694 161
750 589
950 187
45 544
994 58
224 30
53 71
509 892
3 34
16 10
772 53
505 508
796 747
95 36
548 850
782 169
41 41
718 845
148 250
695 954
258 30
995 109
36 758
458 108
61 505
787 771
662 256
775 69
546 53
546 79
447 685
851 102
868 727
37 661
952 524
789 796
462 568
526 109
30 210
281 36
36 847
30 816
98 36
487 581
23 36
38 810
51 61
36 34
188 505
585 38
505 979
32 799
854 910
989 505
23 515
726 13
13 785
228 875
410 10
38 36
68 50
30 250
752 35
684 25
509 3
3 54
561 16
53 224
246 30
472 269
469 3
954 50
745 35
36 56
18 276
254 994
479 266
105 878
998 722
888 785
661 997
518 84
910 722
1 754
32 84
679 109
747 542
250 454
691 50
35 845
35 93
68 450
674 3
851 109
485 32
766 509
93 586
73 951
544 107
36 36
797 510
768 148
450 788
34 228
726 444
992 545
774 841
210 98
92 951
985 885
252 108
508 38
32 36
468 764
36 107
95 505
166 95
898 745
95 845
51 77
615 546
276 501
845 285
776 56
561 16
451 810
879 910
687 710
25 505
99 505
276 484
761 107
37 672
28 689
441 507
502 258
51 50
694 50
43 425
777 34
93 767
50 36
678 522
999 788
858 750
509 685
101 994
910 228
35 25
102 245
818 43
891 93
987 699
50 479
41 710
278 699
91 36
36 53
581 781
151 854
148 681
410 105
725 854
274 150
51 910
789 898
142 92
588 442
3 504
145 825
787 524
36 3
546 210
34 410
41 25
245 72
34 225
454 587
185 950
769 689
972 824
469 510
954 505
10 501
742 105
725 10
769 101
747 15
278 1
1 982
585 427
978 789
810 53
69 36
694 974
699 43
950 451
971 277
985 689
686 66
891 105
104 985
779 506
444 428
161 36
23 478
109 30
43 899
48 505
3 36
1 775
210 814
769 15
66 3
50 750
214 772
895 94
36 685
810 501
509 34
68 93
13 10
15 878
37 827
775 856
662 185
105 441
769 278
998 661
41 93
410 37
610 501
93 36
441 541
32 885
415 72
685 774
666 458
25 250
1 625
43 688
279 694
252 769
91 884
589 162
792 527
71 509
77 910
36 14
54 569
85 505
421 950
36 169
896 586
999 428
785 528
72 628
610 507
25 276
93 38
1 589
13 53
51 894
85 184
414 877
25 978
61 502
547 81
750 24
798 43
525 986
995 277
11 251
995 986
44 474
999 689
716 63
616 818
721 99
505 518
887 509
548 48
227 51
16 504
13 210
505 151
48 505
51 509
666 994
3 421
104 428
38 766
507 895
108 685
84 15
410 35
892 275
38 186
889 22
5 36
34 458
742 918
34 699
505 584
91 896
185 258
924 989
75 250
669 875
586 462
504 569
726 542
585 427
73 589
684 425
35 544
586 105
724 254
447 284
699 448
474 76
626 825
887 950
924 872
525 588
228 36
34 869
30 698
84 852
610 445
991 79
43 881
141 15
426 43
281 95
410 910
77 3
450 541
16 762
41 588
23 30
71 504
588 508
795 899
828 108
982 589
32 450
108 501
37 850
950 781
516 285
34 146
185 527
254 26
36 848
846 626
856 109
109 856
885 16
61 542
501 38
525 150
845 36
588 925
82 161
761 547
51 699
150 505
588 509
522 16
277 105
256 985
105 510
38 754
28 892
3 769
71 277
36 15
37 35
109 475
50 42
761 36
509 104
3 948
54 850
36 671
18 85
452 36
23 718
50 228
548 675
514 23
221 928
858 36
30 795
30 884
258 427
502 10
36 981
72 14
37 585
850 108
73 786
107 104
54 989
73 35
982 43
451 166
35 768
150 189
509 167
454 509
61 71
5 682
425 795
210 266
850 36
895 43
3 569
85 997
515 35
10 34
34 762
56 184
279 10
5 887
505 451
73 85
109 187
185 868
784 161
510 210
184 956
910 858
61 547
36 50
34 861
150 38
78 85
36 15
569 505
681 710
762 509
30 794
76 1
822 30
745 36
37 545
36 252
858 84
474 43
744 279
15 782
546 850
542 426
442 882
522 666
509 85
682 427
28 952
410 699
95 35
481 861
476 167
1 5
509 42
951 872
686 210
34 995
769 891
505 36
784 35
93 999
509 999
999 566
74 151
105 36
16 950
146 36
3 941
689 997
781 3
158 510
754 614
107 85
506 50
145 699
28 94
699 692
876 815
210 899
108 242
104 972
546 810
251 25
50 810
145 246
696 15
485 882
524 827
988 186
50 278
101 482
698 469
104 44
108 469
502 148
25 516
88 515
994 187
501 586
481 34
510 75
410 10
85 3
669 45
69 950
53 35
66 689
505 50
788 795
544 481
250 954
158 71
795 772
689 568
82 996
767 169
687 278
725 561
23 585
888 506
504 828
461 73
48 516
10 14
244 186
93 95
561 509
32 958
850 30
510 662
754 101
38 52
776 545
182 610
985 547
414 978
582 922
710 53
61 950
104 972
250 699
30 34
509 278
587 104
502 991
502 518
507 478
507 566
899 428
569 585
410 187
872 479
102 58
53 948
489 30
881 782
81 272
750 986
675 36
50 188
227 785
475 95
73 36
510 186
695 38
30 822
986 509
898 610
472 489
75 50
721 54
101 718
32 750
53 778
746 53
745 36
891 32
775 895
501 147
752 766
545 268
35 43
34 850
814 35
994 82
751 508
109 150
506 482
58 998
85 846
782 985
43 45
824 501
507 685
35 899
54 145
1 477
450 789
71 847
715 452
252 38
37 53
74 45
850 15
521 109
284 15
53 104
89 528
32 30
721 167
751 75
428 10
107 846
582 94
73 876
54 250
547 471
687 799
43 32
544 676
50 36
668 786
3 104
898 151
34 858
850 662
281 43
74 37
144 810
467 54
258 525
984 23
52 34
789 797
289 586
867 508
785 34
244 442
978 23
769 885
897 510
30 442
10 13
541 50
278 581
102 789
778 899
978 910
745 545
546 896
899 36
450 588
53 796
3 13
522 54
81 502
521 797
747 30
53 506
14 36
21 669
58 689
1 699
482 610
972 796
510 485
36 945
150 227
32 508
810 952
504 545
276 15
951 851
109 214
91 145
628 791
689 227
189 104
510 514
210 767
34 56
726 36
698 36
61 747
545 222
914 871
798 22
37 36
508 747
585 35
43 505
954 899
28 35
34 23
247 954
101 742
775 181
610 95
515 38
878 25
862 508
850 879
921 741
109 54
616 789
895 824
506 54
77 614
51 73
30 686
66 506
37 816
10 505
43 250
93 851
524 508
36 548
410 526
891 675
810 69
544 727
242 418
250 845
53 16
150 252
505 34
699 677
34 866
622 3
786 850
548 587
876 682
887 93
787 35
952 36
13 897
36 36
36 682
68 788
508 566
76 628
53 778
38 661
881 58
507 545
18 779
509 899
509 224
850 71
10 882
914 689
104 545
694 35
545 888
850 716
710 36
36 676
789 425
75 215
944 38
542 13
501 52
582 504
28 86
91 216
88 145
694 895
187 451
71 798
787 32
52 251
686 86
454 34
509 468
3 741
36 508
694 1
942 975
589 35
988 822
168 32
51 869
696 43
541 102
450 35
478 36
754 750
974 505
507 854
30 622
254 13
38 581
73 516
509 509
150 699
950 81
226 668
78 769
950 85
692 251
489 566
769 418
189 25
772 38
3 876
42 289
816 878
924 109
668 250
509 527
44 985
768 63
109 105
451 246
851 788
868 948
71 502
68 676
695 267
461 984
786 258
478 451
874 51
185 885
37 624
869 3
509 250
510 152
108 45
36 951
32 87
45 142
694 36
850 3
994 285
676 37
509 185
150 3
32 505
786 54
53 858
999 36
545 891
769 85
14 762
45 875
761 45
610 891
37 228
51 51
944 509
15 41
275 726
210 698
36 475
505 50
425 36
614 545
151 107
501 989
43 627
13 569
250 93
410 545
954 518
452 910
102 276
3 624
14 951
562 869
269 610
525 108
546 516
989 889
52 510
584 38
509 107
43 854
450 685
288 971
785 250
625 109
93 185
47 688
567 10
867 979
277 505
81 484
30 168
874 3
810 482
505 152
586 288
32 815
771 897
43 86
104 509
45 101
781 32
476 669
3 524
35 34
714 999
61 54
35 718
50 50
105 36
501 414
32 979
610 501
101 456
582 30
589 887
894 541
106 416
869 474
15 506
876 745
999 850
109 925
510 52
258 148
976 782
106 985
502 18
815 275
35 476
43 10
898 99
147 16
568 545
850 189
288 987
167 43
266 15
589 102
501 506
501 1
979 725
35 502
889 978
36 971
589 89
87 418
446 38
797 75
469 15
488 451
1 267
468 546
216 822
415 225
148 30
845 18
37 505
75 679
522 86
924 36
468 758
102 25
487 58
878 452
785 985
548 472
677 44
507 475
788 668
782 785
515 184
93 682
675 509
3 895
3 36
91 36
53 501
95 32
3 282
224 954
16 53
891 854
881 51
50 892
69 684
810 35
276 509
91 45
850 42
887 445
850 10
610 75
3 791
846 54
1 109
77 451
510 30
105 785
818 489
756 851
30 35
894 3
569 501
444 107
769 51
81 886
50 16
898 26
950 95
892 3
189 771
825 43
23 768
184 508
30 48
950 466
850 285
509 36
248 53
616 769
451 894
50 586
10 73
46 506
925 51
505 762
778 688
845 288
486 661
502 684
509 185
958 566
3 68
471 868
10 15
504 168
289 185
625 58
69 758
108 451
93 105
456 425
282 854
618 869
50 36
869 562
795 850
675 67
3 468
568 877
250 225
950 3
450 10
81 615
501 784
509 799
610 261
73 3
32 509
505 509
38 102
788 547
975 274
585 910
225 18
950 484
956 826
544 518
991 15
481 998
274 3
788 34
756 74
43 458
154 689
43 36
746 210
254 821
458 15
895 415
53 784
76 747
95 48
32 999
77 147
514 74
107 61
810 34
35 99
30 15
527 43
897 997
73 35
36 85
185 872
561 727
36 241
548 150
505 510
687 58
872 489
93 30
479 998
567 995
685 36
799 104
289 187
991 724
718 254
36 589
508 169
97 995
73 30
38 788
38 541
747 484
898 685
476 528
994 32
952 545
104 3
187 895
846 91
488 63
3 35
766 754
618 895
410 279
216 876
53 689
450 37
58 487
107 250
43 854
698 688
506 101
250 1
73 996
38 509
585 250
789 542
546 30
285 93
799 32
36 997
668 502
698 104
161 916
867 225
858 524
844 518
685 18
108 52
791 418
106 991
489 674
527 227
885 710
506 41
106 52
475 285
36 791
32 789
79 505
791 782
241 762
524 182
479 771
850 54
30 546
251 699
53 3
587 102
688 501
677 510
25 85
699 454
53 468
102 779
37 82
91 891
101 507
525 950
587 692
34 3
109 974
547 101
727 951
714 828
35 93
36 95
168 685
54 262
994 509
43 874
485 441
68 427
38 488
30 689
888 93
569 410
34 501
816 214
454 1
214 954
36 78
679 106
769 995
821 35
469 947
63 58
726 30
545 842
544 50
251 548
3 950
715 22
699 286
984 772
441 105
522 30
222 888
102 589
51 948
84 610
418 581
625 886
928 502
481 546
36 509
53 108
871 34
76 150
516 622
897 35
3 866
53 751
101 250
94 3
35 501
625 410
38 13
30 525
826 48
252 504
515 441
891 30
548 254
995 216
527 93
30 38
71 93
850 81
34 725
11 106
950 410
56 848
36 518
169 410
108 158
109 105
895 28
68 795
50 36
546 3
826 43
43 462
776 25
3 475
50 947
250 36
910 51
35 725
842 828
452 98
442 508
13 826